0.966613 0.0701621 -0.246449 0.925108 0.332194 -0.183911 0.384198 0.36137 -0.849591
0.925108 0.332194 -0.183911 0.384198 0.36137 -0.849591 0.0104678 0.367962 0.929782
-0.54326 0.334696 0.769965 0.925108 0.332194 -0.183911 0.0104678 0.367962 0.929782
0.966613 0.0701621 -0.246449 0.925108 0.332194 -0.183911 -0.230323 -0.100192 0.967943
0.384198 0.36137 -0.849591 0.0104678 0.367962 0.929782 -0.230323 -0.100192 0.967943
-0.54326 0.334696 0.769965 0.0104678 0.367962 0.929782 -0.230323 -0.100192 0.967943
0.966613 0.0701621 -0.246449 0.384198 0.36137 -0.849591 -0.230323 -0.100192 0.967943
0.925108 0.332194 -0.183911 0.0104678 0.367962 0.929782 -0.230323 -0.100192 0.967943
-0.54326 0.334696 0.769965 0.384198 0.36137 -0.849591 -0.230323 -0.100192 0.967943
0.966613 0.0701621 -0.246449 0.0104678 0.367962 0.929782 -0.230323 -0.100192 0.967943
-0.54326 0.334696 0.769965 0.966613 0.0701621 -0.246449 -0.230323 -0.100192 0.967943
