-0.13976 -0.311396 0.239189 0.312983 0.494385 0.428526 0.301721 -0.240135 0.147114
-0.390683 -0.475677 -0.456755 -0.13976 -0.311396 0.239189 0.301721 -0.240135 0.147114
0.312983 0.494385 0.428526 -0.13976 -0.311396 0.239189 -0.415464 0.0994751 0.168966
-0.13976 -0.311396 0.239189 -0.390683 -0.475677 -0.456755 -0.415464 0.0994751 0.168966
0.312983 0.494385 0.428526 -0.415464 0.0994751 0.168966 -0.260887 0.22985 -0.385739
-0.390683 -0.475677 -0.456755 -0.189291 -0.243858 -0.456297 -0.260887 0.22985 -0.385739
-0.415464 0.0994751 0.168966 -0.390683 -0.475677 -0.456755 -0.260887 0.22985 -0.385739
-0.189291 -0.243858 -0.456297 -0.390683 -0.475677 -0.456755 0.327692 -0.199942 -0.206229
0.301721 -0.240135 0.147114 0.312983 0.494385 0.428526 0.327692 -0.199942 -0.206229
-0.390683 -0.475677 -0.456755 0.301721 -0.240135 0.147114 0.327692 -0.199942 -0.206229
-0.260887 0.22985 -0.385739 -0.189291 -0.243858 -0.456297 0.327692 -0.199942 -0.206229
0.312983 0.494385 0.428526 -0.260887 0.22985 -0.385739 0.206595 0.406919 0.127888
-0.260887 0.22985 -0.385739 0.327692 -0.199942 -0.206229 0.206595 0.406919 0.127888
0.327692 -0.199942 -0.206229 0.312983 0.494385 0.428526 0.206595 0.406919 0.127888
