-0.797967 0.297952 0.123353 -0.018891 -0.63097 0.334284 -0.3914 0.0151067 0.726906
-0.797967 0.297952 0.123353 -0.73394 0.603504 0.10824 -0.425642 -0.589892 0.627972
-0.73394 0.603504 0.10824 -0.3914 0.0151067 0.726906 -0.425642 -0.589892 0.627972
-0.797967 0.297952 0.123353 -0.018891 -0.63097 0.334284 -0.425642 -0.589892 0.627972
-0.018891 -0.63097 0.334284 -0.425642 -0.589892 0.627972 -0.215979 0.762932 0.522602
-0.797967 0.297952 0.123353 -0.3914 0.0151067 0.726906 -0.215979 0.762932 0.522602
-0.3914 0.0151067 0.726906 -0.425642 -0.589892 0.627972 -0.215979 0.762932 0.522602
-0.73394 0.603504 0.10824 -0.3914 0.0151067 0.726906 -0.215979 0.762932 0.522602
-0.018891 -0.63097 0.334284 -0.3914 0.0151067 0.726906 -0.215979 0.762932 0.522602
-0.797967 0.297952 0.123353 -0.425642 -0.589892 0.627972 -0.215979 0.762932 0.522602
-0.73394 0.603504 0.10824 -0.425642 -0.589892 0.627972 -0.215979 0.762932 0.522602
-0.018891 -0.63097 0.334284 -0.73394 0.603504 0.10824 -0.215979 0.762932 0.522602
