-0.745109 -0.619373 0.00456725 -0.349712 -0.467025 0.801246 -0.715384 0.466659 -0.297792
-0.790399 -0.264199 -0.416168 -0.25779 -0.375347 -0.741145 -0.813776 -0.465499 -0.26558
-0.745109 -0.619373 0.00456725 -0.715384 0.466659 -0.297792 -0.813776 -0.465499 -0.26558
-0.715384 0.466659 -0.297792 -0.790399 -0.264199 -0.416168 -0.813776 -0.465499 -0.26558
-0.745109 -0.619373 0.00456725 -0.813776 -0.465499 -0.26558 0.113926 -0.795404 -0.115306
-0.813776 -0.465499 -0.26558 -0.25779 -0.375347 -0.741145 0.113926 -0.795404 -0.115306
-0.349712 -0.467025 0.801246 -0.745109 -0.619373 0.00456725 0.113926 -0.795404 -0.115306
-0.25779 -0.375347 -0.741145 -0.790399 -0.264199 -0.416168 -0.150548 0.417951 -0.687291
-0.790399 -0.264199 -0.416168 -0.715384 0.466659 -0.297792 -0.150548 0.417951 -0.687291
-0.150548 0.417951 -0.687291 -0.715384 0.466659 -0.297792 -0.139012 0.944517 -0.236
-0.715384 0.466659 -0.297792 -0.349712 -0.467025 0.801246 -0.00814844 0.846187 0.0396281
-0.139012 0.944517 -0.236 -0.715384 0.466659 -0.297792 -0.00814844 0.846187 0.0396281
-0.00814844 0.846187 0.0396281 -0.349712 -0.467025 0.801246 0.273598 0.361126 0.414383
0.113926 -0.795404 -0.115306 -0.25779 -0.375347 -0.741145 0.469588 0.236427 -0.634287
-0.25779 -0.375347 -0.741145 -0.150548 0.417951 -0.687291 0.469588 0.236427 -0.634287
-0.150548 0.417951 -0.687291 -0.139012 0.944517 -0.236 0.469588 0.236427 -0.634287
0.113926 -0.795404 -0.115306 0.469588 0.236427 -0.634287 0.715262 0.182043 -0.0552477
-0.349712 -0.467025 0.801246 0.113926 -0.795404 -0.115306 0.782464 0.515122 0.285986
0.113926 -0.795404 -0.115306 0.715262 0.182043 -0.0552477 0.782464 0.515122 0.285986
0.273598 0.361126 0.414383 -0.349712 -0.467025 0.801246 0.782464 0.515122 0.285986
-0.139012 0.944517 -0.236 -0.00814844 0.846187 0.0396281 0.782464 0.515122 0.285986
0.469588 0.236427 -0.634287 -0.139012 0.944517 -0.236 0.782464 0.515122 0.285986
0.715262 0.182043 -0.0552477 0.469588 0.236427 -0.634287 0.782464 0.515122 0.285986
-0.00814844 0.846187 0.0396281 0.273598 0.361126 0.414383 0.782464 0.515122 0.285986
