-0.3828 0.246173 -0.888229 -0.501267 0.174474 -0.84752 -0.404035 0.00672996 -0.909921
-0.3828 0.246173 -0.888229 -0.404035 0.00672996 -0.909921 -0.243016 0.243472 -0.936868
0.414379 0.0166726 -0.904345 0.388787 -0.2584 -0.881825 0.506231 -0.191137 -0.840911
0.414379 0.0166726 -0.904345 0.506231 -0.191137 -0.840911 0.52516 -0.038506 -0.846773
0.414379 0.0166726 -0.904345 0.52516 -0.038506 -0.846773 0.592964 0.254704 -0.761121
0.52516 -0.038506 -0.846773 0.604489 0.00979644 -0.788924 0.592964 0.254704 -0.761121
0.885226 -0.204846 -0.411929 0.891293 -0.417096 -0.17784 0.9382 -0.218451 -0.26286
0.891293 -0.417096 -0.17784 0.895871 -0.417341 -0.152454 0.9382 -0.218451 -0.26286
0.0302641 -0.958698 -0.271485 0.235481 -0.967253 -0.0843436 0.274514 -0.935179 -0.223792
0.247678 -0.871883 -0.418314 0.0302641 -0.958698 -0.271485 0.274514 -0.935179 -0.223792
0.306406 -0.471023 -0.826666 0.245697 -0.414342 -0.874432 0.0528886 -0.515541 -0.852277
-0.953429 0.289387 0.0052636 -0.901313 0.346934 -0.252464 -0.83874 0.538072 -0.0836276
-0.767948 0.470107 -0.431781 -0.710258 0.423391 -0.558901 -0.58789 0.585705 -0.556501
-0.268447 -0.952281 0.0549868 0.017243 -0.965619 0.236471 0.00298084 -0.985311 -0.00216362
0.017243 -0.965619 0.236471 0.235481 -0.967253 -0.0843436 0.00298084 -0.985311 -0.00216362
0.235481 -0.967253 -0.0843436 0.0302641 -0.958698 -0.271485 0.00298084 -0.985311 -0.00216362
0.0302641 -0.958698 -0.271485 -0.257861 -0.865037 -0.425274 -0.30546 -0.92584 -0.221787
-0.257861 -0.865037 -0.425274 -0.345256 -0.835078 -0.428303 -0.30546 -0.92584 -0.221787
-0.268447 -0.952281 0.0549868 0.00298084 -0.985311 -0.00216362 -0.30546 -0.92584 -0.221787
0.00298084 -0.985311 -0.00216362 0.0302641 -0.958698 -0.271485 -0.30546 -0.92584 -0.221787
-0.345256 -0.835078 -0.428303 -0.257861 -0.865037 -0.425274 -0.256508 -0.830378 -0.494647
-0.847346 -0.00604702 -0.527831 -0.765252 -0.238712 -0.5917 -0.7961 0.0352326 -0.598743
-0.765252 -0.238712 -0.5917 -0.702026 0.00274056 -0.705628 -0.7961 0.0352326 -0.598743
-0.787937 0.256529 -0.556552 -0.847346 -0.00604702 -0.527831 -0.7961 0.0352326 -0.598743
-0.58789 0.585705 -0.556501 -0.710258 0.423391 -0.558901 -0.559602 0.39975 -0.722451
-0.229994 -0.6923 -0.682109 0.0132054 -0.603928 -0.79045 -0.267992 -0.561627 -0.779719
0.0132054 -0.603928 -0.79045 0.0528886 -0.515541 -0.852277 -0.267992 -0.561627 -0.779719
0.0528886 -0.515541 -0.852277 -0.257796 -0.402589 -0.875293 -0.267992 -0.561627 -0.779719
-0.404035 0.00672996 -0.909921 -0.501267 0.174474 -0.84752 -0.522568 0.07862 -0.847331
-0.501267 0.174474 -0.84752 -0.605828 0.257953 -0.750089 -0.522568 0.07862 -0.847331
-0.522568 0.07862 -0.847331 -0.605828 0.257953 -0.750089 -0.605895 0.0432448 -0.786357
-0.404035 0.00672996 -0.909921 -0.234952 -0.22664 -0.942306 -0.251426 -0.0108393 -0.960912
-0.243016 0.243472 -0.936868 -0.404035 0.00672996 -0.909921 -0.251426 -0.0108393 -0.960912
-0.649525 -0.448348 0.611472 -0.695828 -0.236207 0.677575 -0.574865 -0.422291 0.697879
-0.695828 -0.236207 0.677575 -0.558967 -0.276209 0.778424 -0.574865 -0.422291 0.697879
-0.558967 -0.276209 0.778424 -0.428621 -0.43336 0.791213 -0.574865 -0.422291 0.697879
-0.400342 -0.562471 0.721355 -0.213477 -0.681768 0.698691 -0.455538 -0.635621 0.621581
-0.777982 -0.563969 0.266505 -0.638707 -0.644597 0.416907 -0.681082 -0.702506 0.206076
0.017243 -0.965619 0.236471 -0.268447 -0.952281 0.0549868 -0.261961 -0.930875 0.24628
-0.268447 -0.952281 0.0549868 -0.455336 -0.86198 0.217455 -0.261961 -0.930875 0.24628
-0.455336 -0.86198 0.217455 -0.33726 -0.848506 0.407328 -0.261961 -0.930875 0.24628
0.414379 0.0166726 -0.904345 0.592964 0.254704 -0.761121 0.390845 0.275033 -0.875731
0.240101 0.410108 -0.876398 -0.0104123 0.254516 -0.960812 0.259514 0.235308 -0.934426
-0.0104123 0.254516 -0.960812 0.251902 0.0198305 -0.961699 0.259514 0.235308 -0.934426
0.251902 0.0198305 -0.961699 0.414379 0.0166726 -0.904345 0.259514 0.235308 -0.934426
0.414379 0.0166726 -0.904345 0.390845 0.275033 -0.875731 0.259514 0.235308 -0.934426
-0.234952 -0.22664 -0.942306 -0.257796 -0.402589 -0.875293 -0.02636 -0.255534 -0.959879
-0.765252 -0.238712 -0.5917 -0.738891 -0.377812 -0.556193 -0.680898 -0.246712 -0.688673
-0.702026 0.00274056 -0.705628 -0.765252 -0.238712 -0.5917 -0.680898 -0.246712 -0.688673
-0.3828 0.246173 -0.888229 -0.243016 0.243472 -0.936868 -0.375653 0.360515 -0.853481
-0.906117 0.0317316 -0.407361 -0.847346 -0.00604702 -0.527831 -0.871578 0.26133 -0.409567
-0.847346 -0.00604702 -0.527831 -0.787937 0.256529 -0.556552 -0.871578 0.26133 -0.409567
-0.58977 0.702079 -0.395694 -0.71099 0.671438 -0.208962 -0.637928 0.634754 -0.436044
-0.767948 0.470107 -0.431781 -0.58789 0.585705 -0.556501 -0.637928 0.634754 -0.436044
-0.58789 0.585705 -0.556501 -0.58977 0.702079 -0.395694 -0.637928 0.634754 -0.436044
-0.74865 0.597251 0.272649 -0.83874 0.538072 -0.0836276 -0.650502 0.747062 0.0342584
-0.536938 0.723712 0.429323 -0.456923 0.717155 0.525946 -0.634877 0.648122 0.420559
-0.456923 0.717155 0.525946 -0.545437 0.564948 0.6176 -0.634877 0.648122 0.420559
-0.77987 0.429721 0.452643 -0.74865 0.597251 0.272649 -0.71514 0.556841 0.417513
-0.74865 0.597251 0.272649 -0.634877 0.648122 0.420559 -0.71514 0.556841 0.417513
-0.985168 -0.0381787 -0.121014 -0.917954 -0.27759 -0.277722 -0.968662 -0.0375421 -0.224577
-0.873806 0.254662 0.408083 -0.772161 0.262844 0.574072 -0.841263 0.032441 0.535317
-0.901371 0.00986424 0.416848 -0.873806 0.254662 0.408083 -0.841263 0.032441 0.535317
-0.772161 0.262844 0.574072 -0.78415 -0.00481048 0.611748 -0.841263 0.032441 0.535317
-0.883227 -0.24737 0.391784 -0.901371 0.00986424 0.416848 -0.841263 0.032441 0.535317
-0.847346 -0.00604702 -0.527831 -0.906117 0.0317316 -0.407361 -0.875424 -0.219947 -0.425563
-0.906117 0.0317316 -0.407361 -0.968662 -0.0375421 -0.224577 -0.875424 -0.219947 -0.425563
-0.968662 -0.0375421 -0.224577 -0.917954 -0.27759 -0.277722 -0.875424 -0.219947 -0.425563
-0.765252 -0.238712 -0.5917 -0.847346 -0.00604702 -0.527831 -0.875424 -0.219947 -0.425563
-0.917954 -0.27759 -0.277722 -0.852494 -0.360332 -0.378534 -0.875424 -0.219947 -0.425563
-0.427678 -0.441346 -0.7858 -0.590033 -0.393829 -0.701384 -0.406604 -0.579949 -0.702563
-0.229994 -0.6923 -0.682109 -0.267992 -0.561627 -0.779719 -0.406604 -0.579949 -0.702563
-0.590033 -0.393829 -0.701384 -0.680898 -0.246712 -0.688673 -0.633757 -0.416974 -0.648201
-0.680898 -0.246712 -0.688673 -0.738891 -0.377812 -0.556193 -0.633757 -0.416974 -0.648201
-0.590033 -0.393829 -0.701384 -0.427678 -0.441346 -0.7858 -0.478215 -0.300312 -0.825104
-0.590304 -0.794534 -0.135808 -0.586626 -0.772179 -0.228037 -0.677938 -0.687322 -0.255611
-0.633757 -0.416974 -0.648201 -0.738891 -0.377812 -0.556193 -0.576152 -0.595494 -0.555242
0.0132054 -0.603928 -0.79045 -0.229994 -0.6923 -0.682109 -0.0239148 -0.707417 -0.701185
-0.229994 -0.6923 -0.682109 -0.234252 -0.761742 -0.599973 -0.0239148 -0.707417 -0.701185
0.0132054 -0.603928 -0.79045 -0.0239148 -0.707417 -0.701185 0.276101 -0.671377 -0.687766
-0.0239148 -0.707417 -0.701185 0.0710288 -0.842805 -0.525877 0.276101 -0.671377 -0.687766
-0.257861 -0.865037 -0.425274 0.0302641 -0.958698 -0.271485 -0.00196543 -0.903143 -0.417067
0.0302641 -0.958698 -0.271485 0.247678 -0.871883 -0.418314 -0.00196543 -0.903143 -0.417067
0.247678 -0.871883 -0.418314 0.0710288 -0.842805 -0.525877 -0.00196543 -0.903143 -0.417067
0.0710288 -0.842805 -0.525877 -0.256508 -0.830378 -0.494647 -0.00196543 -0.903143 -0.417067
-0.256508 -0.830378 -0.494647 -0.257861 -0.865037 -0.425274 -0.00196543 -0.903143 -0.417067
0.00217472 0.432726 0.893717 0.07734 0.522605 0.846005 0.240078 0.387116 0.888609
0.429676 0.00437032 0.894202 0.427778 0.245705 0.867521 0.51898 0.00702535 0.850501
-0.213477 -0.681768 0.698691 -0.400342 -0.562471 0.721355 -0.252825 -0.595314 0.758959
0.017243 -0.965619 0.236471 -0.261961 -0.930875 0.24628 -0.0276105 -0.908732 0.401066
0.895871 -0.417341 -0.152454 0.833674 -0.539232 0.119234 0.942991 -0.30314 0.137379
0.833674 -0.539232 0.119234 0.862087 -0.428083 0.264306 0.942991 -0.30314 0.137379
0.990631 0.0404065 0.024334 0.9382 -0.218451 -0.26286 0.942991 -0.30314 0.137379
0.9382 -0.218451 -0.26286 0.895871 -0.417341 -0.152454 0.942991 -0.30314 0.137379
0.77774 -0.552513 -0.290144 0.55562 -0.777734 -0.291388 0.78631 -0.607796 -0.100616
0.833674 -0.539232 0.119234 0.895871 -0.417341 -0.152454 0.78631 -0.607796 -0.100616
0.895871 -0.417341 -0.152454 0.891293 -0.417096 -0.17784 0.78631 -0.607796 -0.100616
0.891293 -0.417096 -0.17784 0.77774 -0.552513 -0.290144 0.78631 -0.607796 -0.100616
0.747363 0.244367 0.614673 0.842993 0.0218208 0.528288 0.78852 -0.0248987 0.609756
0.842993 0.0218208 0.528288 0.896699 -0.0137376 0.429976 0.78852 -0.0248987 0.609756
0.78852 -0.0248987 0.609756 0.896699 -0.0137376 0.429976 0.820002 -0.298594 0.487733
0.918943 0.362774 0.154724 0.898841 0.355937 -0.254479 0.965819 0.240151 0.0853916
0.07734 0.522605 0.846005 0.00217472 0.432726 0.893717 -0.0168048 0.611772 0.784351
0.00217472 0.432726 0.893717 -0.247759 0.597371 0.758188 -0.0168048 0.611772 0.784351
-0.247759 0.597371 0.758188 0.00217472 0.432726 0.893717 -0.265107 0.360378 0.893214
0.0405713 0.964428 0.233756 -0.268166 0.929228 0.246688 0.023896 0.990321 -0.0116761
-0.268166 0.929228 0.246688 -0.266366 0.955596 -0.0232553 0.023896 0.990321 -0.0116761
-0.268166 0.929228 0.246688 0.0405713 0.964428 0.233756 -0.247261 0.897092 0.362166
-0.379345 0.850459 0.362577 -0.361939 0.889767 0.274468 -0.247261 0.897092 0.362166
-0.361939 0.889767 0.274468 -0.268166 0.929228 0.246688 -0.247261 0.897092 0.362166
-0.486557 0.826594 -0.282852 -0.336833 0.855098 -0.392664 -0.414762 0.872753 -0.251339
-0.508896 0.834101 -0.212837 -0.486557 0.826594 -0.282852 -0.414762 0.872753 -0.251339
-0.266366 0.955596 -0.0232553 -0.509812 0.857784 0.0655673 -0.414762 0.872753 -0.251339
-0.509812 0.857784 0.0655673 -0.508896 0.834101 -0.212837 -0.414762 0.872753 -0.251339
-0.767948 0.470107 -0.431781 -0.637928 0.634754 -0.436044 -0.724479 0.569704 -0.383806
-0.637928 0.634754 -0.436044 -0.71099 0.671438 -0.208962 -0.724479 0.569704 -0.383806
-0.953429 0.289387 0.0052636 -0.985168 -0.0381787 -0.121014 -0.93528 0.240638 -0.254754
-0.985168 -0.0381787 -0.121014 -0.968662 -0.0375421 -0.224577 -0.93528 0.240638 -0.254754
-0.901313 0.346934 -0.252464 -0.953429 0.289387 0.0052636 -0.93528 0.240638 -0.254754
-0.906117 0.0317316 -0.407361 -0.871578 0.26133 -0.409567 -0.93528 0.240638 -0.254754
-0.968662 -0.0375421 -0.224577 -0.906117 0.0317316 -0.407361 -0.93528 0.240638 -0.254754
0.686697 0.690603 -0.224358 0.560411 0.808832 -0.178129 0.580065 0.706122 -0.398707
0.408107 0.715347 -0.563242 0.588422 0.563302 -0.575662 0.580065 0.706122 -0.398707
0.877072 0.26189 -0.398448 0.898841 0.355937 -0.254479 0.816034 0.322977 -0.479347
0.686697 0.690603 -0.224358 0.580065 0.706122 -0.398707 0.647226 0.633168 -0.422681
0.580065 0.706122 -0.398707 0.588422 0.563302 -0.575662 0.647226 0.633168 -0.422681
-0.0259779 0.898706 -0.420114 0.0560557 0.955328 -0.265372 -0.275369 0.932676 -0.232996
0.0560557 0.955328 -0.265372 0.023896 0.990321 -0.0116761 -0.275369 0.932676 -0.232996
0.023896 0.990321 -0.0116761 -0.266366 0.955596 -0.0232553 -0.275369 0.932676 -0.232996
-0.266366 0.955596 -0.0232553 -0.414762 0.872753 -0.251339 -0.275369 0.932676 -0.232996
-0.414762 0.872753 -0.251339 -0.336833 0.855098 -0.392664 -0.275369 0.932676 -0.232996
0.0405713 0.964428 0.233756 0.023896 0.990321 -0.0116761 0.240883 0.966613 -0.0151437
0.023896 0.990321 -0.0116761 0.0560557 0.955328 -0.265372 0.240883 0.966613 -0.0151437
0.299845 0.821131 -0.485564 0.408107 0.715347 -0.563242 0.354045 0.817897 -0.452425
0.408107 0.715347 -0.563242 0.580065 0.706122 -0.398707 0.354045 0.817897 -0.452425
0.240101 0.410108 -0.876398 0.259514 0.235308 -0.934426 0.375164 0.391156 -0.840386
0.259514 0.235308 -0.934426 0.390845 0.275033 -0.875731 0.375164 0.391156 -0.840386
0.0560557 0.955328 -0.265372 -0.0259779 0.898706 -0.420114 0.25602 0.877102 -0.397459
0.388787 -0.2584 -0.881825 0.414379 0.0166726 -0.904345 0.250839 -0.250997 -0.932281
0.414379 0.0166726 -0.904345 0.251902 0.0198305 -0.961699 0.250839 -0.250997 -0.932281
-0.0104123 0.254516 -0.960812 -0.243016 0.243472 -0.936868 0.00531196 -0.0191616 -0.990982
-0.243016 0.243472 -0.936868 -0.251426 -0.0108393 -0.960912 0.00531196 -0.0191616 -0.990982
0.251902 0.0198305 -0.961699 -0.0104123 0.254516 -0.960812 0.00531196 -0.0191616 -0.990982
-0.251426 -0.0108393 -0.960912 -0.234952 -0.22664 -0.942306 0.00531196 -0.0191616 -0.990982
-0.234952 -0.22664 -0.942306 -0.02636 -0.255534 -0.959879 0.00531196 -0.0191616 -0.990982
-0.02636 -0.255534 -0.959879 0.250839 -0.250997 -0.932281 0.00531196 -0.0191616 -0.990982
0.250839 -0.250997 -0.932281 0.251902 0.0198305 -0.961699 0.00531196 -0.0191616 -0.990982
0.306406 -0.471023 -0.826666 0.417097 -0.5693 -0.706874 0.426679 -0.393276 -0.81144
0.506231 -0.191137 -0.840911 0.388787 -0.2584 -0.881825 0.426679 -0.393276 -0.81144
0.604489 0.00979644 -0.788924 0.691592 -0.237501 -0.680675 0.70699 0.0275207 -0.701869
0.604489 0.00979644 -0.788924 0.52516 -0.038506 -0.846773 0.583616 -0.245643 -0.770619
0.52516 -0.038506 -0.846773 0.506231 -0.191137 -0.840911 0.583616 -0.245643 -0.770619
0.691592 -0.237501 -0.680675 0.604489 0.00979644 -0.788924 0.583616 -0.245643 -0.770619
0.506231 -0.191137 -0.840911 0.426679 -0.393276 -0.81144 0.583616 -0.245643 -0.770619
0.409177 -0.711142 0.568465 0.263916 -0.753333 0.598522 0.434797 -0.638997 0.63362
0.565966 -0.814447 -0.0155155 0.528215 -0.825068 0.198296 0.712922 -0.673126 0.195747
0.833674 -0.539232 0.119234 0.78631 -0.607796 -0.100616 0.712922 -0.673126 0.195747
0.712922 -0.673126 0.195747 0.528215 -0.825068 0.198296 0.626128 -0.655772 0.421346
0.891293 -0.417096 -0.17784 0.885226 -0.204846 -0.411929 0.758598 -0.45558 -0.463465
0.77774 -0.552513 -0.290144 0.891293 -0.417096 -0.17784 0.758598 -0.45558 -0.463465
0.702249 -0.577319 -0.410518 0.77774 -0.552513 -0.290144 0.758598 -0.45558 -0.463465
0.674795 -0.533677 -0.509746 0.702249 -0.577319 -0.410518 0.758598 -0.45558 -0.463465
0.898841 0.355937 -0.254479 0.877072 0.26189 -0.398448 0.941323 0.225094 -0.244554
0.990631 0.0404065 0.024334 0.965819 0.240151 0.0853916 0.941323 0.225094 -0.244554
0.965819 0.240151 0.0853916 0.898841 0.355937 -0.254479 0.941323 0.225094 -0.244554
0.9382 -0.218451 -0.26286 0.990631 0.0404065 0.024334 0.955295 -0.0574489 -0.269562
0.990631 0.0404065 0.024334 0.941323 0.225094 -0.244554 0.955295 -0.0574489 -0.269562
0.885226 -0.204846 -0.411929 0.9382 -0.218451 -0.26286 0.955295 -0.0574489 -0.269562
0.877072 0.26189 -0.398448 0.816034 0.322977 -0.479347 0.75132 0.272706 -0.597868
0.55562 -0.777734 -0.291388 0.77774 -0.552513 -0.290144 0.657216 -0.632161 -0.408231
0.77774 -0.552513 -0.290144 0.702249 -0.577319 -0.410518 0.657216 -0.632161 -0.408231
0.536746 -0.729693 -0.419359 0.55562 -0.777734 -0.291388 0.657216 -0.632161 -0.408231
0.702249 -0.577319 -0.410518 0.674795 -0.533677 -0.509746 0.657216 -0.632161 -0.408231
0.691592 -0.237501 -0.680675 0.583616 -0.245643 -0.770619 0.567065 -0.387877 -0.724321
0.426679 -0.393276 -0.81144 0.417097 -0.5693 -0.706874 0.567065 -0.387877 -0.724321
0.583616 -0.245643 -0.770619 0.426679 -0.393276 -0.81144 0.567065 -0.387877 -0.724321
0.230919 0.693686 0.681274 0.07734 0.522605 0.846005 0.0307764 0.701668 0.704099
0.07734 0.522605 0.846005 -0.0168048 0.611772 0.784351 0.0307764 0.701668 0.704099
0.213965 0.835749 0.505709 0.230919 0.693686 0.681274 0.0307764 0.701668 0.704099
-0.247261 0.897092 0.362166 -0.0934049 0.849275 0.514889 -0.259143 0.756503 0.596118
-0.0934049 0.849275 0.514889 -0.247261 0.897092 0.362166 -0.0356396 0.886288 0.450231
-0.247261 0.897092 0.362166 0.0405713 0.964428 0.233756 -0.0356396 0.886288 0.450231
0.387509 0.883099 0.255159 0.447198 0.780694 0.432599 0.272134 0.82934 0.487994
0.447198 0.780694 0.432599 0.412107 0.731926 0.537908 0.272134 0.82934 0.487994
0.240078 0.387116 0.888609 0.07734 0.522605 0.846005 0.279071 0.49268 0.823909
0.395265 0.594928 0.69534 0.438025 0.438948 0.782223 0.279071 0.49268 0.823909
0.560411 0.808832 -0.178129 0.686697 0.690603 -0.224358 0.763116 0.633839 -0.0597414
0.730522 0.674001 0.10982 0.560411 0.808832 -0.178129 0.763116 0.633839 -0.0597414
0.898841 0.355937 -0.254479 0.918943 0.362774 0.154724 0.763116 0.633839 -0.0597414
0.918943 0.362774 0.154724 0.730522 0.674001 0.10982 0.763116 0.633839 -0.0597414
0.60213 0.68743 0.40488 0.447198 0.780694 0.432599 0.577563 0.775643 0.2459
0.447198 0.780694 0.432599 0.387509 0.883099 0.255159 0.577563 0.775643 0.2459
0.377224 0.890256 -0.249097 0.560411 0.808832 -0.178129 0.423139 0.901405 0.0061176
0.240883 0.966613 -0.0151437 0.377224 0.890256 -0.249097 0.423139 0.901405 0.0061176
0.686697 0.690603 -0.224358 0.647226 0.633168 -0.422681 0.734376 0.623986 -0.25328
0.898841 0.355937 -0.254479 0.763116 0.633839 -0.0597414 0.734376 0.623986 -0.25328
0.763116 0.633839 -0.0597414 0.686697 0.690603 -0.224358 0.734376 0.623986 -0.25328
0.412107 0.731926 0.537908 0.447198 0.780694 0.432599 0.528581 0.679586 0.508658
0.447198 0.780694 0.432599 0.60213 0.68743 0.40488 0.528581 0.679586 0.508658
-0.710258 0.423391 -0.558901 -0.787937 0.256529 -0.556552 -0.67392 0.258543 -0.690837
-0.7961 0.0352326 -0.598743 -0.702026 0.00274056 -0.705628 -0.67392 0.258543 -0.690837
-0.787937 0.256529 -0.556552 -0.7961 0.0352326 -0.598743 -0.67392 0.258543 -0.690837
-0.605828 0.257953 -0.750089 -0.559602 0.39975 -0.722451 -0.67392 0.258543 -0.690837
-0.559602 0.39975 -0.722451 -0.710258 0.423391 -0.558901 -0.67392 0.258543 -0.690837
-0.702026 0.00274056 -0.705628 -0.605895 0.0432448 -0.786357 -0.67392 0.258543 -0.690837
-0.605895 0.0432448 -0.786357 -0.605828 0.257953 -0.750089 -0.67392 0.258543 -0.690837
-0.336833 0.855098 -0.392664 -0.486557 0.826594 -0.282852 -0.434879 0.785394 -0.439429
-0.486557 0.826594 -0.282852 -0.58977 0.702079 -0.395694 -0.434879 0.785394 -0.439429
-0.953429 0.289387 0.0052636 -0.83874 0.538072 -0.0836276 -0.881893 0.457564 0.113575
-0.83874 0.538072 -0.0836276 -0.74865 0.597251 0.272649 -0.881893 0.457564 0.113575
-0.77987 0.429721 0.452643 -0.772161 0.262844 0.574072 -0.838191 0.369121 0.401479
-0.772161 0.262844 0.574072 -0.873806 0.254662 0.408083 -0.838191 0.369121 0.401479
-0.74865 0.597251 0.272649 -0.77987 0.429721 0.452643 -0.838191 0.369121 0.401479
-0.71099 0.671438 -0.208962 -0.83874 0.538072 -0.0836276 -0.778232 0.584094 -0.221228
-0.724479 0.569704 -0.383806 -0.71099 0.671438 -0.208962 -0.778232 0.584094 -0.221228
-0.767948 0.470107 -0.431781 -0.724479 0.569704 -0.383806 -0.778232 0.584094 -0.221228
-0.83874 0.538072 -0.0836276 -0.901313 0.346934 -0.252464 -0.778232 0.584094 -0.221228
-0.74865 0.597251 0.272649 -0.650502 0.747062 0.0342584 -0.600696 0.755313 0.249816
-0.650502 0.747062 0.0342584 -0.509812 0.857784 0.0655673 -0.600696 0.755313 0.249816
-0.536938 0.723712 0.429323 -0.634877 0.648122 0.420559 -0.600696 0.755313 0.249816
-0.634877 0.648122 0.420559 -0.74865 0.597251 0.272649 -0.600696 0.755313 0.249816
-0.379345 0.850459 0.362577 -0.536938 0.723712 0.429323 -0.600696 0.755313 0.249816
-0.361939 0.889767 0.274468 -0.379345 0.850459 0.362577 -0.600696 0.755313 0.249816
-0.268166 0.929228 0.246688 -0.361939 0.889767 0.274468 -0.398618 0.903577 0.14102
-0.509812 0.857784 0.0655673 -0.266366 0.955596 -0.0232553 -0.398618 0.903577 0.14102
-0.266366 0.955596 -0.0232553 -0.268166 0.929228 0.246688 -0.398618 0.903577 0.14102
-0.361939 0.889767 0.274468 -0.600696 0.755313 0.249816 -0.398618 0.903577 0.14102
-0.600696 0.755313 0.249816 -0.509812 0.857784 0.0655673 -0.398618 0.903577 0.14102
-0.71099 0.671438 -0.208962 -0.58977 0.702079 -0.395694 -0.534562 0.818171 -0.207324
-0.58977 0.702079 -0.395694 -0.486557 0.826594 -0.282852 -0.534562 0.818171 -0.207324
-0.486557 0.826594 -0.282852 -0.508896 0.834101 -0.212837 -0.534562 0.818171 -0.207324
-0.508896 0.834101 -0.212837 -0.509812 0.857784 0.0655673 -0.534562 0.818171 -0.207324
-0.634877 0.648122 0.420559 -0.545437 0.564948 0.6176 -0.672414 0.523057 0.523709
-0.71514 0.556841 0.417513 -0.634877 0.648122 0.420559 -0.672414 0.523057 0.523709
-0.77987 0.429721 0.452643 -0.71514 0.556841 0.417513 -0.672414 0.523057 0.523709
-0.545437 0.564948 0.6176 -0.633259 0.456496 0.622997 -0.672414 0.523057 0.523709
-0.545437 0.564948 0.6176 -0.456923 0.717155 0.525946 -0.440453 0.612069 0.652959
-0.456923 0.717155 0.525946 -0.259143 0.756503 0.596118 -0.440453 0.612069 0.652959
-0.985168 -0.0381787 -0.121014 -0.953429 0.289387 0.0052636 -0.963904 0.00826283 0.23728
-0.873806 0.254662 0.408083 -0.901371 0.00986424 0.416848 -0.963904 0.00826283 0.23728
-0.901371 0.00986424 0.416848 -0.883227 -0.24737 0.391784 -0.963904 0.00826283 0.23728
-0.777982 -0.563969 0.266505 -0.875647 -0.398643 0.263928 -0.842524 -0.386425 0.374139
-0.780853 -0.455647 0.422034 -0.777982 -0.563969 0.266505 -0.842524 -0.386425 0.374139
-0.953429 0.289387 0.0052636 -0.881893 0.457564 0.113575 -0.883511 0.399182 0.236121
-0.838191 0.369121 0.401479 -0.873806 0.254662 0.408083 -0.883511 0.399182 0.236121
-0.881893 0.457564 0.113575 -0.74865 0.597251 0.272649 -0.883511 0.399182 0.236121
-0.74865 0.597251 0.272649 -0.838191 0.369121 0.401479 -0.883511 0.399182 0.236121
-0.873806 0.254662 0.408083 -0.963904 0.00826283 0.23728 -0.883511 0.399182 0.236121
-0.963904 0.00826283 0.23728 -0.953429 0.289387 0.0052636 -0.883511 0.399182 0.236121
-0.261961 -0.930875 0.24628 -0.33726 -0.848506 0.407328 -0.256279 -0.871479 0.412481
-0.0276105 -0.908732 0.401066 -0.261961 -0.930875 0.24628 -0.256279 -0.871479 0.412481
-0.455336 -0.86198 0.217455 -0.563178 -0.707246 0.423204 -0.416559 -0.778875 0.464405
-0.33726 -0.848506 0.407328 -0.455336 -0.86198 0.217455 -0.416559 -0.778875 0.464405
-0.638707 -0.644597 0.416907 -0.777982 -0.563969 0.266505 -0.709532 -0.566481 0.412362
-0.777982 -0.563969 0.266505 -0.780853 -0.455647 0.422034 -0.709532 -0.566481 0.412362
-0.455336 -0.86198 0.217455 -0.268447 -0.952281 0.0549868 -0.412976 -0.899106 -0.133146
-0.590304 -0.794534 -0.135808 -0.455336 -0.86198 0.217455 -0.412976 -0.899106 -0.133146
-0.268447 -0.952281 0.0549868 -0.30546 -0.92584 -0.221787 -0.412976 -0.899106 -0.133146
-0.896908 -0.43907 0.0526584 -0.875647 -0.398643 0.263928 -0.808751 -0.577726 0.100894
-0.875647 -0.398643 0.263928 -0.777982 -0.563969 0.266505 -0.808751 -0.577726 0.100894
-0.681082 -0.702506 0.206076 -0.590304 -0.794534 -0.135808 -0.808751 -0.577726 0.100894
-0.76906 -0.582336 -0.255984 -0.896908 -0.43907 0.0526584 -0.808751 -0.577726 0.100894
-0.777982 -0.563969 0.266505 -0.681082 -0.702506 0.206076 -0.808751 -0.577726 0.100894
-0.590304 -0.794534 -0.135808 -0.677938 -0.687322 -0.255611 -0.808751 -0.577726 0.100894
-0.677938 -0.687322 -0.255611 -0.76906 -0.582336 -0.255984 -0.808751 -0.577726 0.100894
0.402061 -0.791202 -0.454865 0.536746 -0.729693 -0.419359 0.419416 -0.707468 -0.565386
0.417097 -0.5693 -0.706874 0.276101 -0.671377 -0.687766 0.419416 -0.707468 -0.565386
0.323344 -0.832881 -0.449176 0.402061 -0.791202 -0.454865 0.419416 -0.707468 -0.565386
0.567065 -0.387877 -0.724321 0.417097 -0.5693 -0.706874 0.487655 -0.591113 -0.642478
0.417097 -0.5693 -0.706874 0.419416 -0.707468 -0.565386 0.487655 -0.591113 -0.642478
-0.229994 -0.6923 -0.682109 -0.406604 -0.579949 -0.702563 -0.448567 -0.623048 -0.639784
-0.406604 -0.579949 -0.702563 -0.590033 -0.393829 -0.701384 -0.448567 -0.623048 -0.639784
-0.590033 -0.393829 -0.701384 -0.633757 -0.416974 -0.648201 -0.448567 -0.623048 -0.639784
-0.633757 -0.416974 -0.648201 -0.576152 -0.595494 -0.555242 -0.448567 -0.623048 -0.639784
-0.234252 -0.761742 -0.599973 -0.256508 -0.830378 -0.494647 0.0012749 -0.784275 -0.60695
-0.256508 -0.830378 -0.494647 0.0710288 -0.842805 -0.525877 0.0012749 -0.784275 -0.60695
0.0710288 -0.842805 -0.525877 -0.0239148 -0.707417 -0.701185 0.0012749 -0.784275 -0.60695
-0.0239148 -0.707417 -0.701185 -0.234252 -0.761742 -0.599973 0.0012749 -0.784275 -0.60695
0.235481 -0.967253 -0.0843436 0.414731 -0.872891 0.252569 0.424543 -0.895016 -0.116836
0.414731 -0.872891 0.252569 0.528215 -0.825068 0.198296 0.424543 -0.895016 -0.116836
0.528215 -0.825068 0.198296 0.565966 -0.814447 -0.0155155 0.424543 -0.895016 -0.116836
0.274514 -0.935179 -0.223792 0.235481 -0.967253 -0.0843436 0.424543 -0.895016 -0.116836
0.422895 -0.849697 -0.312951 0.274514 -0.935179 -0.223792 0.424543 -0.895016 -0.116836
0.247678 -0.871883 -0.418314 0.274514 -0.935179 -0.223792 0.400433 -0.842219 -0.360998
0.274514 -0.935179 -0.223792 0.422895 -0.849697 -0.312951 0.400433 -0.842219 -0.360998
0.55562 -0.777734 -0.291388 0.536746 -0.729693 -0.419359 0.400433 -0.842219 -0.360998
0.422895 -0.849697 -0.312951 0.55562 -0.777734 -0.291388 0.400433 -0.842219 -0.360998
0.536746 -0.729693 -0.419359 0.402061 -0.791202 -0.454865 0.400433 -0.842219 -0.360998
0.323344 -0.832881 -0.449176 0.247678 -0.871883 -0.418314 0.400433 -0.842219 -0.360998
0.402061 -0.791202 -0.454865 0.323344 -0.832881 -0.449176 0.400433 -0.842219 -0.360998
-0.710258 0.423391 -0.558901 -0.767948 0.470107 -0.431781 -0.852413 0.352428 -0.38576
-0.787937 0.256529 -0.556552 -0.710258 0.423391 -0.558901 -0.852413 0.352428 -0.38576
-0.871578 0.26133 -0.409567 -0.787937 0.256529 -0.556552 -0.852413 0.352428 -0.38576
-0.901313 0.346934 -0.252464 -0.93528 0.240638 -0.254754 -0.852413 0.352428 -0.38576
-0.93528 0.240638 -0.254754 -0.871578 0.26133 -0.409567 -0.852413 0.352428 -0.38576
-0.767948 0.470107 -0.431781 -0.778232 0.584094 -0.221228 -0.852413 0.352428 -0.38576
-0.778232 0.584094 -0.221228 -0.901313 0.346934 -0.252464 -0.852413 0.352428 -0.38576
-0.501267 0.174474 -0.84752 -0.3828 0.246173 -0.888229 -0.489761 0.288247 -0.82269
-0.3828 0.246173 -0.888229 -0.375653 0.360515 -0.853481 -0.489761 0.288247 -0.82269
-0.605828 0.257953 -0.750089 -0.501267 0.174474 -0.84752 -0.489761 0.288247 -0.82269
-0.559602 0.39975 -0.722451 -0.605828 0.257953 -0.750089 -0.489761 0.288247 -0.82269
-0.58789 0.585705 -0.556501 -0.559602 0.39975 -0.722451 -0.449507 0.595447 -0.665873
-0.559602 0.39975 -0.722451 -0.420447 0.549419 -0.719194 -0.449507 0.595447 -0.665873
-0.267992 -0.561627 -0.779719 -0.257796 -0.402589 -0.875293 -0.303812 -0.471877 -0.82757
-0.427678 -0.441346 -0.7858 -0.406604 -0.579949 -0.702563 -0.303812 -0.471877 -0.82757
-0.406604 -0.579949 -0.702563 -0.267992 -0.561627 -0.779719 -0.303812 -0.471877 -0.82757
-0.234952 -0.22664 -0.942306 -0.404035 0.00672996 -0.909921 -0.403382 -0.235499 -0.881854
-0.404035 0.00672996 -0.909921 -0.522568 0.07862 -0.847331 -0.403382 -0.235499 -0.881854
-0.605895 0.0432448 -0.786357 -0.702026 0.00274056 -0.705628 -0.604077 -0.248085 -0.753018
-0.702026 0.00274056 -0.705628 -0.680898 -0.246712 -0.688673 -0.604077 -0.248085 -0.753018
-0.680898 -0.246712 -0.688673 -0.590033 -0.393829 -0.701384 -0.604077 -0.248085 -0.753018
-0.590033 -0.393829 -0.701384 -0.478215 -0.300312 -0.825104 -0.604077 -0.248085 -0.753018
-0.522568 0.07862 -0.847331 -0.605895 0.0432448 -0.786357 -0.604077 -0.248085 -0.753018
-0.478215 -0.300312 -0.825104 -0.403382 -0.235499 -0.881854 -0.604077 -0.248085 -0.753018
-0.403382 -0.235499 -0.881854 -0.522568 0.07862 -0.847331 -0.604077 -0.248085 -0.753018
-0.303812 -0.471877 -0.82757 -0.257796 -0.402589 -0.875293 -0.38727 -0.364727 -0.846012
-0.478215 -0.300312 -0.825104 -0.427678 -0.441346 -0.7858 -0.38727 -0.364727 -0.846012
-0.427678 -0.441346 -0.7858 -0.303812 -0.471877 -0.82757 -0.38727 -0.364727 -0.846012
-0.257796 -0.402589 -0.875293 -0.234952 -0.22664 -0.942306 -0.38727 -0.364727 -0.846012
-0.234952 -0.22664 -0.942306 -0.403382 -0.235499 -0.881854 -0.38727 -0.364727 -0.846012
-0.403382 -0.235499 -0.881854 -0.478215 -0.300312 -0.825104 -0.38727 -0.364727 -0.846012
-0.558967 -0.276209 0.778424 -0.695828 -0.236207 0.677575 -0.70166 -0.0407858 0.707552
-0.601438 0.00137015 0.790836 -0.558967 -0.276209 0.778424 -0.70166 -0.0407858 0.707552
-0.428621 -0.43336 0.791213 -0.558967 -0.276209 0.778424 -0.492996 -0.260323 0.829989
-0.428621 -0.43336 0.791213 -0.400342 -0.562471 0.721355 -0.512131 -0.520188 0.683466
-0.574865 -0.422291 0.697879 -0.428621 -0.43336 0.791213 -0.512131 -0.520188 0.683466
-0.649525 -0.448348 0.611472 -0.574865 -0.422291 0.697879 -0.512131 -0.520188 0.683466
-0.400342 -0.562471 0.721355 -0.455538 -0.635621 0.621581 -0.512131 -0.520188 0.683466
-0.917954 -0.27759 -0.277722 -0.985168 -0.0381787 -0.121014 -0.959227 -0.257149 0.0157337
-0.896908 -0.43907 0.0526584 -0.917954 -0.27759 -0.277722 -0.959227 -0.257149 0.0157337
-0.985168 -0.0381787 -0.121014 -0.963904 0.00826283 0.23728 -0.959227 -0.257149 0.0157337
-0.917954 -0.27759 -0.277722 -0.896908 -0.43907 0.0526584 -0.856258 -0.431603 -0.279927
-0.896908 -0.43907 0.0526584 -0.76906 -0.582336 -0.255984 -0.856258 -0.431603 -0.279927
-0.852494 -0.360332 -0.378534 -0.917954 -0.27759 -0.277722 -0.856258 -0.431603 -0.279927
-0.695828 -0.236207 0.677575 -0.649525 -0.448348 0.611472 -0.730192 -0.413239 0.538095
-0.780853 -0.455647 0.422034 -0.842524 -0.386425 0.374139 -0.730192 -0.413239 0.538095
-0.649525 -0.448348 0.611472 -0.709532 -0.566481 0.412362 -0.730192 -0.413239 0.538095
-0.709532 -0.566481 0.412362 -0.780853 -0.455647 0.422034 -0.730192 -0.413239 0.538095
-0.638707 -0.644597 0.416907 -0.709532 -0.566481 0.412362 -0.589503 -0.574168 0.564473
-0.709532 -0.566481 0.412362 -0.649525 -0.448348 0.611472 -0.589503 -0.574168 0.564473
-0.649525 -0.448348 0.611472 -0.512131 -0.520188 0.683466 -0.589503 -0.574168 0.564473
-0.512131 -0.520188 0.683466 -0.455538 -0.635621 0.621581 -0.589503 -0.574168 0.564473
-0.883227 -0.24737 0.391784 -0.841263 0.032441 0.535317 -0.769457 -0.217487 0.596758
-0.841263 0.032441 0.535317 -0.78415 -0.00481048 0.611748 -0.769457 -0.217487 0.596758
-0.78415 -0.00481048 0.611748 -0.70166 -0.0407858 0.707552 -0.769457 -0.217487 0.596758
-0.70166 -0.0407858 0.707552 -0.695828 -0.236207 0.677575 -0.769457 -0.217487 0.596758
-0.695828 -0.236207 0.677575 -0.730192 -0.413239 0.538095 -0.769457 -0.217487 0.596758
-0.842524 -0.386425 0.374139 -0.883227 -0.24737 0.391784 -0.769457 -0.217487 0.596758
-0.730192 -0.413239 0.538095 -0.842524 -0.386425 0.374139 -0.769457 -0.217487 0.596758
-0.416559 -0.778875 0.464405 -0.563178 -0.707246 0.423204 -0.522507 -0.670644 0.526519
-0.563178 -0.707246 0.423204 -0.638707 -0.644597 0.416907 -0.522507 -0.670644 0.526519
-0.638707 -0.644597 0.416907 -0.589503 -0.574168 0.564473 -0.522507 -0.670644 0.526519
-0.589503 -0.574168 0.564473 -0.455538 -0.635621 0.621581 -0.522507 -0.670644 0.526519
-0.455538 -0.635621 0.621581 -0.213477 -0.681768 0.698691 -0.388013 -0.742302 0.543843
-0.213477 -0.681768 0.698691 -0.233726 -0.765267 0.593833 -0.388013 -0.742302 0.543843
-0.33726 -0.848506 0.407328 -0.416559 -0.778875 0.464405 -0.388013 -0.742302 0.543843
-0.416559 -0.778875 0.464405 -0.522507 -0.670644 0.526519 -0.388013 -0.742302 0.543843
-0.522507 -0.670644 0.526519 -0.455538 -0.635621 0.621581 -0.388013 -0.742302 0.543843
-0.563178 -0.707246 0.423204 -0.455336 -0.86198 0.217455 -0.609389 -0.751954 0.237591
-0.638707 -0.644597 0.416907 -0.563178 -0.707246 0.423204 -0.609389 -0.751954 0.237591
-0.681082 -0.702506 0.206076 -0.638707 -0.644597 0.416907 -0.609389 -0.751954 0.237591
-0.455336 -0.86198 0.217455 -0.590304 -0.794534 -0.135808 -0.609389 -0.751954 0.237591
-0.590304 -0.794534 -0.135808 -0.681082 -0.702506 0.206076 -0.609389 -0.751954 0.237591
-0.0104123 0.254516 -0.960812 0.240101 0.410108 -0.876398 -9.42791e-005 0.420276 -0.89953
-0.193091 0.508164 -0.839336 -0.375653 0.360515 -0.853481 -0.219943 0.394093 -0.890073
-0.375653 0.360515 -0.853481 -0.243016 0.243472 -0.936868 -0.219943 0.394093 -0.890073
-0.243016 0.243472 -0.936868 -0.0104123 0.254516 -0.960812 -0.219943 0.394093 -0.890073
-0.0104123 0.254516 -0.960812 -9.42791e-005 0.420276 -0.89953 -0.219943 0.394093 -0.890073
-9.42791e-005 0.420276 -0.89953 -0.193091 0.508164 -0.839336 -0.219943 0.394093 -0.890073
-0.257796 -0.402589 -0.875293 0.0528886 -0.515541 -0.852277 0.0043281 -0.415798 -0.902407
-0.02636 -0.255534 -0.959879 -0.257796 -0.402589 -0.875293 0.0043281 -0.415798 -0.902407
0.0528886 -0.515541 -0.852277 0.245697 -0.414342 -0.874432 0.0043281 -0.415798 -0.902407
0.245697 -0.414342 -0.874432 0.250839 -0.250997 -0.932281 0.0043281 -0.415798 -0.902407
0.250839 -0.250997 -0.932281 -0.02636 -0.255534 -0.959879 0.0043281 -0.415798 -0.902407
-0.264314 0.751763 -0.600627 0.00553993 0.794109 -0.600251 -0.265038 0.865413 -0.421048
-0.336833 0.855098 -0.392664 -0.264314 0.751763 -0.600627 -0.265038 0.865413 -0.421048
-0.0259779 0.898706 -0.420114 -0.275369 0.932676 -0.232996 -0.265038 0.865413 -0.421048
-0.275369 0.932676 -0.232996 -0.336833 0.855098 -0.392664 -0.265038 0.865413 -0.421048
-0.264314 0.751763 -0.600627 -0.336833 0.855098 -0.392664 -0.400354 0.714701 -0.572199
-0.336833 0.855098 -0.392664 -0.434879 0.785394 -0.439429 -0.400354 0.714701 -0.572199
-0.58977 0.702079 -0.395694 -0.58789 0.585705 -0.556501 -0.400354 0.714701 -0.572199
-0.434879 0.785394 -0.439429 -0.58977 0.702079 -0.395694 -0.400354 0.714701 -0.572199
-0.58789 0.585705 -0.556501 -0.449507 0.595447 -0.665873 -0.400354 0.714701 -0.572199
-0.449507 0.595447 -0.665873 -0.420447 0.549419 -0.719194 -0.236965 0.580577 -0.775535
-0.420447 0.549419 -0.719194 -0.559602 0.39975 -0.722451 -0.425658 0.417962 -0.800302
-0.375653 0.360515 -0.853481 -0.193091 0.508164 -0.839336 -0.425658 0.417962 -0.800302
-0.559602 0.39975 -0.722451 -0.489761 0.288247 -0.82269 -0.425658 0.417962 -0.800302
-0.489761 0.288247 -0.82269 -0.375653 0.360515 -0.853481 -0.425658 0.417962 -0.800302
-0.193091 0.508164 -0.839336 -0.236965 0.580577 -0.775535 -0.425658 0.417962 -0.800302
-0.236965 0.580577 -0.775535 -0.420447 0.549419 -0.719194 -0.425658 0.417962 -0.800302
-0.83874 0.538072 -0.0836276 -0.71099 0.671438 -0.208962 -0.667653 0.739006 -0.0900525
-0.650502 0.747062 0.0342584 -0.83874 0.538072 -0.0836276 -0.667653 0.739006 -0.0900525
-0.71099 0.671438 -0.208962 -0.534562 0.818171 -0.207324 -0.667653 0.739006 -0.0900525
-0.509812 0.857784 0.0655673 -0.650502 0.747062 0.0342584 -0.667653 0.739006 -0.0900525
-0.534562 0.818171 -0.207324 -0.509812 0.857784 0.0655673 -0.667653 0.739006 -0.0900525
-0.456923 0.717155 0.525946 -0.536938 0.723712 0.429323 -0.417025 0.780033 0.462625
-0.536938 0.723712 0.429323 -0.379345 0.850459 0.362577 -0.417025 0.780033 0.462625
-0.259143 0.756503 0.596118 -0.456923 0.717155 0.525946 -0.417025 0.780033 0.462625
-0.379345 0.850459 0.362577 -0.247261 0.897092 0.362166 -0.417025 0.780033 0.462625
-0.247261 0.897092 0.362166 -0.259143 0.756503 0.596118 -0.417025 0.780033 0.462625
-0.772161 0.262844 0.574072 -0.77987 0.429721 0.452643 -0.717313 0.401532 0.562667
-0.77987 0.429721 0.452643 -0.672414 0.523057 0.523709 -0.717313 0.401532 0.562667
-0.672414 0.523057 0.523709 -0.633259 0.456496 0.622997 -0.717313 0.401532 0.562667
-0.738891 -0.377812 -0.556193 -0.765252 -0.238712 -0.5917 -0.821039 -0.306742 -0.48146
-0.765252 -0.238712 -0.5917 -0.875424 -0.219947 -0.425563 -0.821039 -0.306742 -0.48146
-0.875424 -0.219947 -0.425563 -0.852494 -0.360332 -0.378534 -0.821039 -0.306742 -0.48146
-0.76906 -0.582336 -0.255984 -0.677938 -0.687322 -0.255611 -0.73397 -0.557329 -0.387408
-0.677938 -0.687322 -0.255611 -0.628 -0.636993 -0.445768 -0.73397 -0.557329 -0.387408
-0.628 -0.636993 -0.445768 -0.576152 -0.595494 -0.555242 -0.73397 -0.557329 -0.387408
-0.576152 -0.595494 -0.555242 -0.738891 -0.377812 -0.556193 -0.73397 -0.557329 -0.387408
-0.856258 -0.431603 -0.279927 -0.76906 -0.582336 -0.255984 -0.73397 -0.557329 -0.387408
-0.345256 -0.835078 -0.428303 -0.256508 -0.830378 -0.494647 -0.431738 -0.713889 -0.548944
-0.433455 -0.788385 -0.431035 -0.345256 -0.835078 -0.428303 -0.431738 -0.713889 -0.548944
-0.234252 -0.761742 -0.599973 -0.229994 -0.6923 -0.682109 -0.431738 -0.713889 -0.548944
-0.229994 -0.6923 -0.682109 -0.448567 -0.623048 -0.639784 -0.431738 -0.713889 -0.548944
-0.256508 -0.830378 -0.494647 -0.234252 -0.761742 -0.599973 -0.431738 -0.713889 -0.548944
-0.628 -0.636993 -0.445768 -0.677938 -0.687322 -0.255611 -0.538456 -0.716239 -0.440379
-0.677938 -0.687322 -0.255611 -0.586626 -0.772179 -0.228037 -0.538456 -0.716239 -0.440379
-0.586626 -0.772179 -0.228037 -0.433455 -0.788385 -0.431035 -0.538456 -0.716239 -0.440379
-0.433455 -0.788385 -0.431035 -0.431738 -0.713889 -0.548944 -0.538456 -0.716239 -0.440379
-0.30546 -0.92584 -0.221787 -0.345256 -0.835078 -0.428303 -0.410334 -0.884359 -0.21709
-0.345256 -0.835078 -0.428303 -0.433455 -0.788385 -0.431035 -0.410334 -0.884359 -0.21709
-0.586626 -0.772179 -0.228037 -0.590304 -0.794534 -0.135808 -0.410334 -0.884359 -0.21709
-0.590304 -0.794534 -0.135808 -0.412976 -0.899106 -0.133146 -0.410334 -0.884359 -0.21709
-0.412976 -0.899106 -0.133146 -0.30546 -0.92584 -0.221787 -0.410334 -0.884359 -0.21709
-0.433455 -0.788385 -0.431035 -0.586626 -0.772179 -0.228037 -0.410334 -0.884359 -0.21709
0.417097 -0.5693 -0.706874 0.306406 -0.471023 -0.826666 0.249724 -0.590942 -0.762914
0.276101 -0.671377 -0.687766 0.417097 -0.5693 -0.706874 0.249724 -0.590942 -0.762914
0.306406 -0.471023 -0.826666 0.0528886 -0.515541 -0.852277 0.249724 -0.590942 -0.762914
0.0528886 -0.515541 -0.852277 0.0132054 -0.603928 -0.79045 0.249724 -0.590942 -0.762914
0.0132054 -0.603928 -0.79045 0.276101 -0.671377 -0.687766 0.249724 -0.590942 -0.762914
0.0710288 -0.842805 -0.525877 0.247678 -0.871883 -0.418314 0.273225 -0.760057 -0.584779
0.247678 -0.871883 -0.418314 0.323344 -0.832881 -0.449176 0.273225 -0.760057 -0.584779
0.276101 -0.671377 -0.687766 0.0710288 -0.842805 -0.525877 0.273225 -0.760057 -0.584779
0.323344 -0.832881 -0.449176 0.419416 -0.707468 -0.565386 0.273225 -0.760057 -0.584779
0.419416 -0.707468 -0.565386 0.276101 -0.671377 -0.687766 0.273225 -0.760057 -0.584779
0.434797 -0.638997 0.63362 0.263916 -0.753333 0.598522 0.210731 -0.700959 0.681111
0.235481 -0.967253 -0.0843436 0.017243 -0.965619 0.236471 0.235093 -0.924628 0.291598
0.414731 -0.872891 0.252569 0.235481 -0.967253 -0.0843436 0.235093 -0.924628 0.291598
0.414731 -0.872891 0.252569 0.235093 -0.924628 0.291598 0.3802 -0.840053 0.386556
0.263916 -0.753333 0.598522 0.409177 -0.711142 0.568465 0.260231 -0.8305 0.492493
0.409177 -0.711142 0.568465 0.409101 -0.801182 0.431448 0.260231 -0.8305 0.492493
0.409101 -0.801182 0.431448 0.3802 -0.840053 0.386556 0.260231 -0.8305 0.492493
0.243952 -0.268977 0.929329 0.0183494 0.0034952 0.991 0.266474 -0.00633124 0.957456
0.427778 0.245705 0.867521 0.429676 0.00437032 0.894202 0.266474 -0.00633124 0.957456
0.252682 0.263128 0.929064 0.427778 0.245705 0.867521 0.266474 -0.00633124 0.957456
0.0183494 0.0034952 0.991 0.252682 0.263128 0.929064 0.266474 -0.00633124 0.957456
0.252682 0.263128 0.929064 0.0183494 0.0034952 0.991 -0.00525821 0.24976 0.960518
0.00217472 0.432726 0.893717 0.240078 0.387116 0.888609 -0.00525821 0.24976 0.960518
0.240078 0.387116 0.888609 0.252682 0.263128 0.929064 -0.00525821 0.24976 0.960518
-0.265107 0.360378 0.893214 0.00217472 0.432726 0.893717 -0.00525821 0.24976 0.960518
-0.277331 0.264419 0.921664 -0.265107 0.360378 0.893214 -0.00525821 0.24976 0.960518
0.556864 -0.392064 0.729267 0.450942 -0.327128 0.830439 0.59239 -0.261218 0.75878
0.747363 0.244367 0.614673 0.78852 -0.0248987 0.609756 0.716324 0.0461073 0.691696
0.990631 0.0404065 0.024334 0.942991 -0.30314 0.137379 0.95717 -0.00137326 0.259156
0.965819 0.240151 0.0853916 0.990631 0.0404065 0.024334 0.95717 -0.00137326 0.259156
0.842993 0.0218208 0.528288 0.747363 0.244367 0.614673 0.866741 0.239998 0.4362
0.896699 -0.0137376 0.429976 0.842993 0.0218208 0.528288 0.866741 0.239998 0.4362
0.395265 0.594928 0.69534 0.230919 0.693686 0.681274 0.443604 0.631275 0.633354
0.438025 0.438948 0.782223 0.395265 0.594928 0.69534 0.443604 0.631275 0.633354
0.581418 0.386985 0.714666 0.438025 0.438948 0.782223 0.443604 0.631275 0.633354
0.412107 0.731926 0.537908 0.528581 0.679586 0.508658 0.443604 0.631275 0.633354
0.240078 0.387116 0.888609 0.279071 0.49268 0.823909 0.37356 0.381058 0.844395
0.279071 0.49268 0.823909 0.438025 0.438948 0.782223 0.37356 0.381058 0.844395
0.427778 0.245705 0.867521 0.252682 0.263128 0.929064 0.37356 0.381058 0.844395
0.252682 0.263128 0.929064 0.240078 0.387116 0.888609 0.37356 0.381058 0.844395
0.07734 0.522605 0.846005 0.230919 0.693686 0.681274 0.249031 0.591201 0.763146
0.279071 0.49268 0.823909 0.07734 0.522605 0.846005 0.249031 0.591201 0.763146
0.230919 0.693686 0.681274 0.395265 0.594928 0.69534 0.249031 0.591201 0.763146
0.395265 0.594928 0.69534 0.279071 0.49268 0.823909 0.249031 0.591201 0.763146
0.210731 -0.700959 0.681111 0.263916 -0.753333 0.598522 0.0530717 -0.79493 0.59939
-0.00338205 -0.715196 0.690853 0.210731 -0.700959 0.681111 0.0530717 -0.79493 0.59939
0.263916 -0.753333 0.598522 0.260231 -0.8305 0.492493 0.0530717 -0.79493 0.59939
0.260231 -0.8305 0.492493 0.0339549 -0.842634 0.528716 0.0530717 -0.79493 0.59939
-0.00338205 -0.715196 0.690853 -0.213477 -0.681768 0.698691 0.0292062 -0.604941 0.78943
-0.213477 -0.681768 0.698691 -0.252825 -0.595314 0.758959 0.0292062 -0.604941 0.78943
0.210731 -0.700959 0.681111 -0.00338205 -0.715196 0.690853 0.0292062 -0.604941 0.78943
-0.400342 -0.562471 0.721355 -0.428621 -0.43336 0.791213 -0.316782 -0.485153 0.814843
-0.252825 -0.595314 0.758959 -0.400342 -0.562471 0.721355 -0.316782 -0.485153 0.814843
-0.230839 -0.41466 0.877953 -0.252825 -0.595314 0.758959 -0.316782 -0.485153 0.814843
0.0183494 0.0034952 0.991 0.243952 -0.268977 0.929329 -0.0105547 -0.244512 0.962791
0.243952 -0.268977 0.929329 -0.00991846 -0.420908 0.901811 -0.0105547 -0.244512 0.962791
-0.00991846 -0.420908 0.901811 -0.230839 -0.41466 0.877953 -0.0105547 -0.244512 0.962791
-0.230839 -0.41466 0.877953 -0.247425 -0.245533 0.934418 -0.0105547 -0.244512 0.962791
0.210731 -0.700959 0.681111 0.0292062 -0.604941 0.78943 0.194861 -0.506699 0.839813
-0.495163 0.312357 0.810708 -0.503769 0.219153 0.835577 -0.597236 0.263371 0.753856
-0.503769 0.219153 0.835577 -0.601438 0.00137015 0.790836 -0.597236 0.263371 0.753856
-0.633259 0.456496 0.622997 -0.545437 0.564948 0.6176 -0.578856 0.395351 0.710084
-0.425897 0.413523 0.80193 -0.495163 0.312357 0.810708 -0.578856 0.395351 0.710084
-0.495163 0.312357 0.810708 -0.597236 0.263371 0.753856 -0.578856 0.395351 0.710084
-0.402502 0.0214545 0.907842 -0.41908 -0.246415 0.871646 -0.515763 -0.00865715 0.853036
-0.41908 -0.246415 0.871646 -0.492996 -0.260323 0.829989 -0.515763 -0.00865715 0.853036
-0.558967 -0.276209 0.778424 -0.601438 0.00137015 0.790836 -0.515763 -0.00865715 0.853036
-0.492996 -0.260323 0.829989 -0.558967 -0.276209 0.778424 -0.515763 -0.00865715 0.853036
-0.601438 0.00137015 0.790836 -0.503769 0.219153 0.835577 -0.515763 -0.00865715 0.853036
-0.503769 0.219153 0.835577 -0.402502 0.0214545 0.907842 -0.515763 -0.00865715 0.853036
-0.503769 0.219153 0.835577 -0.495163 0.312357 0.810708 -0.424047 0.224677 0.873904
-0.277331 0.264419 0.921664 -0.402502 0.0214545 0.907842 -0.424047 0.224677 0.873904
-0.402502 0.0214545 0.907842 -0.503769 0.219153 0.835577 -0.424047 0.224677 0.873904
-0.41908 -0.246415 0.871646 -0.402502 0.0214545 0.907842 -0.253685 0.00456538 0.961184
-0.247425 -0.245533 0.934418 -0.41908 -0.246415 0.871646 -0.253685 0.00456538 0.961184
-0.402502 0.0214545 0.907842 -0.277331 0.264419 0.921664 -0.253685 0.00456538 0.961184
-0.277331 0.264419 0.921664 -0.00525821 0.24976 0.960518 -0.253685 0.00456538 0.961184
-0.00525821 0.24976 0.960518 0.0183494 0.0034952 0.991 -0.253685 0.00456538 0.961184
0.0183494 0.0034952 0.991 -0.0105547 -0.244512 0.962791 -0.253685 0.00456538 0.961184
-0.0105547 -0.244512 0.962791 -0.247425 -0.245533 0.934418 -0.253685 0.00456538 0.961184
0.942991 -0.30314 0.137379 0.862087 -0.428083 0.264306 0.916257 -0.274453 0.291802
0.896699 -0.0137376 0.429976 0.95717 -0.00137326 0.259156 0.916257 -0.274453 0.291802
0.95717 -0.00137326 0.259156 0.942991 -0.30314 0.137379 0.916257 -0.274453 0.291802
0.78631 -0.607796 -0.100616 0.55562 -0.777734 -0.291388 0.686209 -0.716178 -0.0697739
0.565966 -0.814447 -0.0155155 0.712922 -0.673126 0.195747 0.686209 -0.716178 -0.0697739
0.712922 -0.673126 0.195747 0.78631 -0.607796 -0.100616 0.686209 -0.716178 -0.0697739
-0.213477 -0.681768 0.698691 -0.00338205 -0.715196 0.690853 -0.185583 -0.838679 0.512031
-0.233726 -0.765267 0.593833 -0.213477 -0.681768 0.698691 -0.185583 -0.838679 0.512031
0.0339549 -0.842634 0.528716 -0.0276105 -0.908732 0.401066 -0.185583 -0.838679 0.512031
-0.0276105 -0.908732 0.401066 -0.256279 -0.871479 0.412481 -0.185583 -0.838679 0.512031
-0.256279 -0.871479 0.412481 -0.33726 -0.848506 0.407328 -0.185583 -0.838679 0.512031
-0.33726 -0.848506 0.407328 -0.388013 -0.742302 0.543843 -0.185583 -0.838679 0.512031
-0.388013 -0.742302 0.543843 -0.233726 -0.765267 0.593833 -0.185583 -0.838679 0.512031
0.0530717 -0.79493 0.59939 0.0339549 -0.842634 0.528716 -0.185583 -0.838679 0.512031
-0.00338205 -0.715196 0.690853 0.0530717 -0.79493 0.59939 -0.185583 -0.838679 0.512031
-0.41908 -0.246415 0.871646 -0.247425 -0.245533 0.934418 -0.35435 -0.343303 0.869816
-0.247425 -0.245533 0.934418 -0.230839 -0.41466 0.877953 -0.35435 -0.343303 0.869816
-0.428621 -0.43336 0.791213 -0.492996 -0.260323 0.829989 -0.35435 -0.343303 0.869816
-0.492996 -0.260323 0.829989 -0.41908 -0.246415 0.871646 -0.35435 -0.343303 0.869816
-0.316782 -0.485153 0.814843 -0.428621 -0.43336 0.791213 -0.35435 -0.343303 0.869816
-0.230839 -0.41466 0.877953 -0.316782 -0.485153 0.814843 -0.35435 -0.343303 0.869816
0.716324 0.0461073 0.691696 0.78852 -0.0248987 0.609756 0.704744 -0.195146 0.681441
0.747363 0.244367 0.614673 0.716324 0.0461073 0.691696 0.688174 0.229395 0.68683
0.820002 -0.298594 0.487733 0.896699 -0.0137376 0.429976 0.881047 -0.258888 0.392032
0.896699 -0.0137376 0.429976 0.916257 -0.274453 0.291802 0.881047 -0.258888 0.392032
0.626128 -0.655772 0.421346 0.566926 -0.575005 0.584428 0.681387 -0.502121 0.532528
0.73629 -0.545132 0.396602 0.626128 -0.655772 0.421346 0.681387 -0.502121 0.532528
0.0405713 0.964428 0.233756 0.240883 0.966613 -0.0151437 0.296564 0.931257 0.20597
0.387509 0.883099 0.255159 0.272134 0.82934 0.487994 0.296564 0.931257 0.20597
0.240883 0.966613 -0.0151437 0.423139 0.901405 0.0061176 0.296564 0.931257 0.20597
0.423139 0.901405 0.0061176 0.387509 0.883099 0.255159 0.296564 0.931257 0.20597
-0.495163 0.312357 0.810708 -0.425897 0.413523 0.80193 -0.355168 0.382037 0.852365
-0.247759 0.597371 0.758188 -0.265107 0.360378 0.893214 -0.355168 0.382037 0.852365
-0.424047 0.224677 0.873904 -0.495163 0.312357 0.810708 -0.355168 0.382037 0.852365
-0.265107 0.360378 0.893214 -0.277331 0.264419 0.921664 -0.355168 0.382037 0.852365
-0.277331 0.264419 0.921664 -0.424047 0.224677 0.873904 -0.355168 0.382037 0.852365
-0.545437 0.564948 0.6176 -0.440453 0.612069 0.652959 -0.397247 0.538194 0.741601
-0.425897 0.413523 0.80193 -0.578856 0.395351 0.710084 -0.397247 0.538194 0.741601
-0.578856 0.395351 0.710084 -0.545437 0.564948 0.6176 -0.397247 0.538194 0.741601
-0.247759 0.597371 0.758188 -0.355168 0.382037 0.852365 -0.397247 0.538194 0.741601
-0.355168 0.382037 0.852365 -0.425897 0.413523 0.80193 -0.397247 0.538194 0.741601
0.377224 0.890256 -0.249097 0.240883 0.966613 -0.0151437 0.239433 0.927396 -0.281548
0.240883 0.966613 -0.0151437 0.0560557 0.955328 -0.265372 0.239433 0.927396 -0.281548
0.0560557 0.955328 -0.265372 0.25602 0.877102 -0.397459 0.239433 0.927396 -0.281548
0.647226 0.633168 -0.422681 0.588422 0.563302 -0.575662 0.724102 0.537747 -0.427598
0.734376 0.623986 -0.25328 0.647226 0.633168 -0.422681 0.724102 0.537747 -0.427598
0.580065 0.706122 -0.398707 0.560411 0.808832 -0.178129 0.359518 0.850134 -0.381217
0.560411 0.808832 -0.178129 0.377224 0.890256 -0.249097 0.359518 0.850134 -0.381217
0.354045 0.817897 -0.452425 0.580065 0.706122 -0.398707 0.359518 0.850134 -0.381217
0.299845 0.821131 -0.485564 0.354045 0.817897 -0.452425 0.359518 0.850134 -0.381217
0.25602 0.877102 -0.397459 0.299845 0.821131 -0.485564 0.359518 0.850134 -0.381217
0.377224 0.890256 -0.249097 0.239433 0.927396 -0.281548 0.359518 0.850134 -0.381217
0.239433 0.927396 -0.281548 0.25602 0.877102 -0.397459 0.359518 0.850134 -0.381217
0.588422 0.563302 -0.575662 0.408107 0.715347 -0.563242 0.503098 0.538865 -0.67566
0.240101 0.410108 -0.876398 0.375164 0.391156 -0.840386 0.319163 0.488144 -0.812295
0.724102 0.537747 -0.427598 0.588422 0.563302 -0.575662 0.633748 0.458144 -0.622609
0.588422 0.563302 -0.575662 0.503098 0.538865 -0.67566 0.633748 0.458144 -0.622609
0.503098 0.538865 -0.67566 0.577895 0.409752 -0.703172 0.633748 0.458144 -0.622609
0.577563 0.775643 0.2459 0.387509 0.883099 0.255159 0.60271 0.786615 0.134082
0.387509 0.883099 0.255159 0.423139 0.901405 0.0061176 0.60271 0.786615 0.134082
0.560411 0.808832 -0.178129 0.730522 0.674001 0.10982 0.60271 0.786615 0.134082
0.423139 0.901405 0.0061176 0.560411 0.808832 -0.178129 0.60271 0.786615 0.134082
-9.42791e-005 0.420276 -0.89953 0.240101 0.410108 -0.876398 0.100365 0.521907 -0.845852
-0.193091 0.508164 -0.839336 -9.42791e-005 0.420276 -0.89953 0.100365 0.521907 -0.845852
0.408107 0.715347 -0.563242 0.299845 0.821131 -0.485564 0.285012 0.683462 -0.672047
-0.0380077 0.713267 -0.694816 0.233715 0.593967 -0.766348 0.285012 0.683462 -0.672047
0.390845 0.275033 -0.875731 0.592964 0.254704 -0.761121 0.449202 0.327128 -0.831387
0.375164 0.391156 -0.840386 0.390845 0.275033 -0.875731 0.449202 0.327128 -0.831387
0.592964 0.254704 -0.761121 0.577895 0.409752 -0.703172 0.449202 0.327128 -0.831387
0.319163 0.488144 -0.812295 0.375164 0.391156 -0.840386 0.446962 0.428437 -0.781405
0.577895 0.409752 -0.703172 0.503098 0.538865 -0.67566 0.446962 0.428437 -0.781405
0.449202 0.327128 -0.831387 0.577895 0.409752 -0.703172 0.446962 0.428437 -0.781405
0.375164 0.391156 -0.840386 0.449202 0.327128 -0.831387 0.446962 0.428437 -0.781405
0.25602 0.877102 -0.397459 -0.0259779 0.898706 -0.420114 0.0245168 0.849991 -0.516132
0.299845 0.821131 -0.485564 0.25602 0.877102 -0.397459 0.0245168 0.849991 -0.516132
-0.0259779 0.898706 -0.420114 -0.265038 0.865413 -0.421048 0.0245168 0.849991 -0.516132
-0.265038 0.865413 -0.421048 0.00553993 0.794109 -0.600251 0.0245168 0.849991 -0.516132
0.388787 -0.2584 -0.881825 0.250839 -0.250997 -0.932281 0.370372 -0.38609 -0.844132
0.250839 -0.250997 -0.932281 0.245697 -0.414342 -0.874432 0.370372 -0.38609 -0.844132
0.426679 -0.393276 -0.81144 0.388787 -0.2584 -0.881825 0.370372 -0.38609 -0.844132
0.245697 -0.414342 -0.874432 0.306406 -0.471023 -0.826666 0.370372 -0.38609 -0.844132
0.306406 -0.471023 -0.826666 0.426679 -0.393276 -0.81144 0.370372 -0.38609 -0.844132
0.941323 0.225094 -0.244554 0.877072 0.26189 -0.398448 0.902848 -0.0185438 -0.417481
0.955295 -0.0574489 -0.269562 0.941323 0.225094 -0.244554 0.902848 -0.0185438 -0.417481
0.885226 -0.204846 -0.411929 0.955295 -0.0574489 -0.269562 0.902848 -0.0185438 -0.417481
0.855241 -0.0412102 -0.510218 0.885226 -0.204846 -0.411929 0.902848 -0.0185438 -0.417481
0.877072 0.26189 -0.398448 0.855241 -0.0412102 -0.510218 0.902848 -0.0185438 -0.417481
0.885226 -0.204846 -0.411929 0.855241 -0.0412102 -0.510218 0.755869 -0.249727 -0.599349
0.592964 0.254704 -0.761121 0.604489 0.00979644 -0.788924 0.681082 0.242256 -0.690864
0.604489 0.00979644 -0.788924 0.70699 0.0275207 -0.701869 0.681082 0.242256 -0.690864
0.577895 0.409752 -0.703172 0.592964 0.254704 -0.761121 0.681082 0.242256 -0.690864
0.633748 0.458144 -0.622609 0.577895 0.409752 -0.703172 0.681082 0.242256 -0.690864
0.434797 -0.638997 0.63362 0.210731 -0.700959 0.681111 0.403163 -0.558737 0.720987
0.681387 -0.502121 0.532528 0.566926 -0.575005 0.584428 0.539659 -0.501144 0.676478
0.566926 -0.575005 0.584428 0.434797 -0.638997 0.63362 0.539659 -0.501144 0.676478
0.434797 -0.638997 0.63362 0.403163 -0.558737 0.720987 0.539659 -0.501144 0.676478
0.409177 -0.711142 0.568465 0.434797 -0.638997 0.63362 0.518174 -0.682791 0.515066
0.434797 -0.638997 0.63362 0.566926 -0.575005 0.584428 0.518174 -0.682791 0.515066
0.566926 -0.575005 0.584428 0.626128 -0.655772 0.421346 0.518174 -0.682791 0.515066
0.409101 -0.801182 0.431448 0.409177 -0.711142 0.568465 0.518174 -0.682791 0.515066
0.55562 -0.777734 -0.291388 0.422895 -0.849697 -0.312951 0.501877 -0.83636 -0.220504
0.422895 -0.849697 -0.312951 0.424543 -0.895016 -0.116836 0.501877 -0.83636 -0.220504
0.424543 -0.895016 -0.116836 0.565966 -0.814447 -0.0155155 0.501877 -0.83636 -0.220504
0.565966 -0.814447 -0.0155155 0.686209 -0.716178 -0.0697739 0.501877 -0.83636 -0.220504
0.686209 -0.716178 -0.0697739 0.55562 -0.777734 -0.291388 0.501877 -0.83636 -0.220504
0.626128 -0.655772 0.421346 0.528215 -0.825068 0.198296 0.481918 -0.828852 0.284182
0.528215 -0.825068 0.198296 0.414731 -0.872891 0.252569 0.481918 -0.828852 0.284182
0.414731 -0.872891 0.252569 0.3802 -0.840053 0.386556 0.481918 -0.828852 0.284182
0.3802 -0.840053 0.386556 0.409101 -0.801182 0.431448 0.481918 -0.828852 0.284182
0.758598 -0.45558 -0.463465 0.885226 -0.204846 -0.411929 0.724072 -0.391624 -0.563687
0.885226 -0.204846 -0.411929 0.755869 -0.249727 -0.599349 0.724072 -0.391624 -0.563687
0.755869 -0.249727 -0.599349 0.691592 -0.237501 -0.680675 0.724072 -0.391624 -0.563687
0.674795 -0.533677 -0.509746 0.758598 -0.45558 -0.463465 0.724072 -0.391624 -0.563687
0.567065 -0.387877 -0.724321 0.487655 -0.591113 -0.642478 0.620004 -0.471663 -0.62635
0.691592 -0.237501 -0.680675 0.567065 -0.387877 -0.724321 0.620004 -0.471663 -0.62635
0.724072 -0.391624 -0.563687 0.691592 -0.237501 -0.680675 0.620004 -0.471663 -0.62635
0.674795 -0.533677 -0.509746 0.724072 -0.391624 -0.563687 0.620004 -0.471663 -0.62635
0.75132 0.272706 -0.597868 0.816034 0.322977 -0.479347 0.742342 0.391095 -0.542836
0.724102 0.537747 -0.427598 0.633748 0.458144 -0.622609 0.742342 0.391095 -0.542836
0.633748 0.458144 -0.622609 0.681082 0.242256 -0.690864 0.742342 0.391095 -0.542836
0.681082 0.242256 -0.690864 0.75132 0.272706 -0.597868 0.742342 0.391095 -0.542836
0.70699 0.0275207 -0.701869 0.691592 -0.237501 -0.680675 0.788823 0.0201059 -0.606239
0.877072 0.26189 -0.398448 0.75132 0.272706 -0.597868 0.788823 0.0201059 -0.606239
0.855241 -0.0412102 -0.510218 0.877072 0.26189 -0.398448 0.788823 0.0201059 -0.606239
0.691592 -0.237501 -0.680675 0.755869 -0.249727 -0.599349 0.788823 0.0201059 -0.606239
0.755869 -0.249727 -0.599349 0.855241 -0.0412102 -0.510218 0.788823 0.0201059 -0.606239
0.75132 0.272706 -0.597868 0.681082 0.242256 -0.690864 0.788823 0.0201059 -0.606239
0.681082 0.242256 -0.690864 0.70699 0.0275207 -0.701869 0.788823 0.0201059 -0.606239
-0.0934049 0.849275 0.514889 0.213965 0.835749 0.505709 -0.0492391 0.785924 0.60851
0.213965 0.835749 0.505709 0.0307764 0.701668 0.704099 -0.0492391 0.785924 0.60851
-0.259143 0.756503 0.596118 -0.0934049 0.849275 0.514889 -0.0492391 0.785924 0.60851
-0.440453 0.612069 0.652959 -0.259143 0.756503 0.596118 -0.21305 0.680654 0.700623
-0.247759 0.597371 0.758188 -0.397247 0.538194 0.741601 -0.21305 0.680654 0.700623
-0.397247 0.538194 0.741601 -0.440453 0.612069 0.652959 -0.21305 0.680654 0.700623
-0.0168048 0.611772 0.784351 -0.247759 0.597371 0.758188 -0.21305 0.680654 0.700623
0.0307764 0.701668 0.704099 -0.0168048 0.611772 0.784351 -0.21305 0.680654 0.700623
-0.0492391 0.785924 0.60851 0.0307764 0.701668 0.704099 -0.21305 0.680654 0.700623
-0.259143 0.756503 0.596118 -0.0492391 0.785924 0.60851 -0.21305 0.680654 0.700623
-0.0356396 0.886288 0.450231 0.0405713 0.964428 0.233756 0.207129 0.848903 0.485594
0.213965 0.835749 0.505709 -0.0934049 0.849275 0.514889 0.207129 0.848903 0.485594
-0.0934049 0.849275 0.514889 -0.0356396 0.886288 0.450231 0.207129 0.848903 0.485594
0.0405713 0.964428 0.233756 0.296564 0.931257 0.20597 0.207129 0.848903 0.485594
0.272134 0.82934 0.487994 0.213965 0.835749 0.505709 0.207129 0.848903 0.485594
0.296564 0.931257 0.20597 0.272134 0.82934 0.487994 0.207129 0.848903 0.485594
0.272134 0.82934 0.487994 0.412107 0.731926 0.537908 0.265313 0.754318 0.595639
0.230919 0.693686 0.681274 0.213965 0.835749 0.505709 0.265313 0.754318 0.595639
0.213965 0.835749 0.505709 0.272134 0.82934 0.487994 0.265313 0.754318 0.595639
0.412107 0.731926 0.537908 0.443604 0.631275 0.633354 0.265313 0.754318 0.595639
0.443604 0.631275 0.633354 0.230919 0.693686 0.681274 0.265313 0.754318 0.595639
0.443604 0.631275 0.633354 0.528581 0.679586 0.508658 0.593481 0.581286 0.551694
0.438025 0.438948 0.782223 0.581418 0.386985 0.714666 0.478042 0.287088 0.829534
0.427778 0.245705 0.867521 0.37356 0.381058 0.844395 0.478042 0.287088 0.829534
0.37356 0.381058 0.844395 0.438025 0.438948 0.782223 0.478042 0.287088 0.829534
0.51898 0.00702535 0.850501 0.427778 0.245705 0.867521 0.478042 0.287088 0.829534
0.730522 0.674001 0.10982 0.918943 0.362774 0.154724 0.74337 0.597965 0.288227
0.74337 0.597965 0.288227 0.918943 0.362774 0.154724 0.876064 0.37431 0.299142
0.747363 0.244367 0.614673 0.688174 0.229395 0.68683 0.651702 0.443221 0.614368
0.688174 0.229395 0.68683 0.581418 0.386985 0.714666 0.651702 0.443221 0.614368
0.581418 0.386985 0.714666 0.443604 0.631275 0.633354 0.651702 0.443221 0.614368
0.443604 0.631275 0.633354 0.593481 0.581286 0.551694 0.651702 0.443221 0.614368
-0.883227 -0.24737 0.391784 -0.842524 -0.386425 0.374139 -0.93054 -0.274074 0.235859
-0.842524 -0.386425 0.374139 -0.875647 -0.398643 0.263928 -0.93054 -0.274074 0.235859
-0.875647 -0.398643 0.263928 -0.896908 -0.43907 0.0526584 -0.93054 -0.274074 0.235859
-0.896908 -0.43907 0.0526584 -0.959227 -0.257149 0.0157337 -0.93054 -0.274074 0.235859
-0.963904 0.00826283 0.23728 -0.883227 -0.24737 0.391784 -0.93054 -0.274074 0.235859
-0.959227 -0.257149 0.0157337 -0.963904 0.00826283 0.23728 -0.93054 -0.274074 0.235859
0.536746 -0.729693 -0.419359 0.657216 -0.632161 -0.408231 0.544503 -0.590397 -0.591482
0.657216 -0.632161 -0.408231 0.674795 -0.533677 -0.509746 0.544503 -0.590397 -0.591482
0.419416 -0.707468 -0.565386 0.536746 -0.729693 -0.419359 0.544503 -0.590397 -0.591482
0.487655 -0.591113 -0.642478 0.419416 -0.707468 -0.565386 0.544503 -0.590397 -0.591482
0.674795 -0.533677 -0.509746 0.620004 -0.471663 -0.62635 0.544503 -0.590397 -0.591482
0.620004 -0.471663 -0.62635 0.487655 -0.591113 -0.642478 0.544503 -0.590397 -0.591482
-0.78415 -0.00481048 0.611748 -0.772161 0.262844 0.574072 -0.676972 0.25191 0.690474
-0.70166 -0.0407858 0.707552 -0.78415 -0.00481048 0.611748 -0.676972 0.25191 0.690474
-0.601438 0.00137015 0.790836 -0.70166 -0.0407858 0.707552 -0.676972 0.25191 0.690474
-0.597236 0.263371 0.753856 -0.601438 0.00137015 0.790836 -0.676972 0.25191 0.690474
-0.772161 0.262844 0.574072 -0.717313 0.401532 0.562667 -0.676972 0.25191 0.690474
-0.717313 0.401532 0.562667 -0.633259 0.456496 0.622997 -0.676972 0.25191 0.690474
-0.633259 0.456496 0.622997 -0.578856 0.395351 0.710084 -0.676972 0.25191 0.690474
-0.578856 0.395351 0.710084 -0.597236 0.263371 0.753856 -0.676972 0.25191 0.690474
-0.264314 0.751763 -0.600627 -0.400354 0.714701 -0.572199 -0.183813 0.701468 -0.68859
-0.400354 0.714701 -0.572199 -0.449507 0.595447 -0.665873 -0.183813 0.701468 -0.68859
-0.449507 0.595447 -0.665873 -0.236965 0.580577 -0.775535 -0.183813 0.701468 -0.68859
-0.236965 0.580577 -0.775535 -0.193091 0.508164 -0.839336 -0.183813 0.701468 -0.68859
0.00553993 0.794109 -0.600251 -0.264314 0.751763 -0.600627 -0.183813 0.701468 -0.68859
-0.0380077 0.713267 -0.694816 0.00553993 0.794109 -0.600251 -0.183813 0.701468 -0.68859
-0.193091 0.508164 -0.839336 0.100365 0.521907 -0.845852 -0.0150762 0.617867 -0.777871
0.233715 0.593967 -0.766348 -0.0380077 0.713267 -0.694816 -0.0150762 0.617867 -0.777871
0.100365 0.521907 -0.845852 0.233715 0.593967 -0.766348 -0.0150762 0.617867 -0.777871
-0.0380077 0.713267 -0.694816 -0.183813 0.701468 -0.68859 -0.0150762 0.617867 -0.777871
-0.183813 0.701468 -0.68859 -0.193091 0.508164 -0.839336 -0.0150762 0.617867 -0.777871
-0.738891 -0.377812 -0.556193 -0.821039 -0.306742 -0.48146 -0.791355 -0.430698 -0.427602
-0.821039 -0.306742 -0.48146 -0.852494 -0.360332 -0.378534 -0.791355 -0.430698 -0.427602
-0.73397 -0.557329 -0.387408 -0.738891 -0.377812 -0.556193 -0.791355 -0.430698 -0.427602
-0.852494 -0.360332 -0.378534 -0.856258 -0.431603 -0.279927 -0.791355 -0.430698 -0.427602
-0.856258 -0.431603 -0.279927 -0.73397 -0.557329 -0.387408 -0.791355 -0.430698 -0.427602
-0.448567 -0.623048 -0.639784 -0.576152 -0.595494 -0.555242 -0.517563 -0.671316 -0.530531
-0.431738 -0.713889 -0.548944 -0.448567 -0.623048 -0.639784 -0.517563 -0.671316 -0.530531
-0.576152 -0.595494 -0.555242 -0.628 -0.636993 -0.445768 -0.517563 -0.671316 -0.530531
-0.628 -0.636993 -0.445768 -0.538456 -0.716239 -0.440379 -0.517563 -0.671316 -0.530531
-0.538456 -0.716239 -0.440379 -0.431738 -0.713889 -0.548944 -0.517563 -0.671316 -0.530531
0.429676 0.00437032 0.894202 0.51898 0.00702535 0.850501 0.419098 -0.235299 0.874605
0.243952 -0.268977 0.929329 0.266474 -0.00633124 0.957456 0.419098 -0.235299 0.874605
0.266474 -0.00633124 0.957456 0.429676 0.00437032 0.894202 0.419098 -0.235299 0.874605
0.51898 0.00702535 0.850501 0.59239 -0.261218 0.75878 0.419098 -0.235299 0.874605
0.59239 -0.261218 0.75878 0.450942 -0.327128 0.830439 0.419098 -0.235299 0.874605
0.450942 -0.327128 0.830439 0.352946 -0.356202 0.864741 0.419098 -0.235299 0.874605
0.352946 -0.356202 0.864741 0.243952 -0.268977 0.929329 0.419098 -0.235299 0.874605
0.210731 -0.700959 0.681111 0.194861 -0.506699 0.839813 0.259921 -0.570843 0.775293
0.194861 -0.506699 0.839813 0.314188 -0.488998 0.813736 0.259921 -0.570843 0.775293
0.314188 -0.488998 0.813736 0.403163 -0.558737 0.720987 0.259921 -0.570843 0.775293
0.403163 -0.558737 0.720987 0.210731 -0.700959 0.681111 0.259921 -0.570843 0.775293
0.017243 -0.965619 0.236471 -0.0276105 -0.908732 0.401066 0.229783 -0.881859 0.408302
0.235093 -0.924628 0.291598 0.017243 -0.965619 0.236471 0.229783 -0.881859 0.408302
-0.0276105 -0.908732 0.401066 0.0339549 -0.842634 0.528716 0.229783 -0.881859 0.408302
0.0339549 -0.842634 0.528716 0.260231 -0.8305 0.492493 0.229783 -0.881859 0.408302
0.3802 -0.840053 0.386556 0.235093 -0.924628 0.291598 0.229783 -0.881859 0.408302
0.260231 -0.8305 0.492493 0.3802 -0.840053 0.386556 0.229783 -0.881859 0.408302
0.59239 -0.261218 0.75878 0.51898 0.00702535 0.850501 0.607027 0.00390911 0.788972
0.704744 -0.195146 0.681441 0.59239 -0.261218 0.75878 0.607027 0.00390911 0.788972
0.716324 0.0461073 0.691696 0.704744 -0.195146 0.681441 0.607027 0.00390911 0.788972
0.771661 0.464095 0.434921 0.876064 0.37431 0.299142 0.849116 0.345073 0.399907
0.771661 0.464095 0.434921 0.849116 0.345073 0.399907 0.825983 0.29252 0.481854
0.866741 0.239998 0.4362 0.747363 0.244367 0.614673 0.825983 0.29252 0.481854
0.849116 0.345073 0.399907 0.866741 0.239998 0.4362 0.825983 0.29252 0.481854
0.95717 -0.00137326 0.259156 0.896699 -0.0137376 0.429976 0.932249 0.243548 0.262141
0.896699 -0.0137376 0.429976 0.866741 0.239998 0.4362 0.932249 0.243548 0.262141
0.965819 0.240151 0.0853916 0.95717 -0.00137326 0.259156 0.932249 0.243548 0.262141
0.918943 0.362774 0.154724 0.965819 0.240151 0.0853916 0.932249 0.243548 0.262141
0.876064 0.37431 0.299142 0.918943 0.362774 0.154724 0.932249 0.243548 0.262141
0.866741 0.239998 0.4362 0.849116 0.345073 0.399907 0.932249 0.243548 0.262141
0.849116 0.345073 0.399907 0.876064 0.37431 0.299142 0.932249 0.243548 0.262141
-0.252825 -0.595314 0.758959 -0.230839 -0.41466 0.877953 0.027782 -0.519954 0.851257
0.0292062 -0.604941 0.78943 -0.252825 -0.595314 0.758959 0.027782 -0.519954 0.851257
-0.230839 -0.41466 0.877953 -0.00991846 -0.420908 0.901811 0.027782 -0.519954 0.851257
-0.00991846 -0.420908 0.901811 0.194861 -0.506699 0.839813 0.027782 -0.519954 0.851257
0.194861 -0.506699 0.839813 0.0292062 -0.604941 0.78943 0.027782 -0.519954 0.851257
-0.00991846 -0.420908 0.901811 0.243952 -0.268977 0.929329 0.256441 -0.390454 0.881896
0.194861 -0.506699 0.839813 -0.00991846 -0.420908 0.901811 0.256441 -0.390454 0.881896
0.314188 -0.488998 0.813736 0.194861 -0.506699 0.839813 0.256441 -0.390454 0.881896
0.352946 -0.356202 0.864741 0.314188 -0.488998 0.813736 0.256441 -0.390454 0.881896
0.243952 -0.268977 0.929329 0.352946 -0.356202 0.864741 0.256441 -0.390454 0.881896
0.820002 -0.298594 0.487733 0.881047 -0.258888 0.392032 0.83697 -0.408124 0.364576
0.916257 -0.274453 0.291802 0.862087 -0.428083 0.264306 0.83697 -0.408124 0.364576
0.881047 -0.258888 0.392032 0.916257 -0.274453 0.291802 0.83697 -0.408124 0.364576
0.862087 -0.428083 0.264306 0.833674 -0.539232 0.119234 0.75689 -0.591052 0.266172
0.833674 -0.539232 0.119234 0.712922 -0.673126 0.195747 0.75689 -0.591052 0.266172
0.712922 -0.673126 0.195747 0.626128 -0.655772 0.421346 0.75689 -0.591052 0.266172
0.626128 -0.655772 0.421346 0.73629 -0.545132 0.396602 0.75689 -0.591052 0.266172
0.73629 -0.545132 0.396602 0.83697 -0.408124 0.364576 0.75689 -0.591052 0.266172
0.83697 -0.408124 0.364576 0.862087 -0.428083 0.264306 0.75689 -0.591052 0.266172
0.713492 -0.402407 0.56801 0.820002 -0.298594 0.487733 0.771234 -0.426649 0.468958
0.681387 -0.502121 0.532528 0.713492 -0.402407 0.56801 0.771234 -0.426649 0.468958
0.73629 -0.545132 0.396602 0.681387 -0.502121 0.532528 0.771234 -0.426649 0.468958
0.83697 -0.408124 0.364576 0.73629 -0.545132 0.396602 0.771234 -0.426649 0.468958
0.820002 -0.298594 0.487733 0.83697 -0.408124 0.364576 0.771234 -0.426649 0.468958
0.78852 -0.0248987 0.609756 0.820002 -0.298594 0.487733 0.770757 -0.272189 0.572698
0.704744 -0.195146 0.681441 0.78852 -0.0248987 0.609756 0.770757 -0.272189 0.572698
0.820002 -0.298594 0.487733 0.713492 -0.402407 0.56801 0.770757 -0.272189 0.572698
0.556864 -0.392064 0.729267 0.59239 -0.261218 0.75878 0.637013 -0.429762 0.638921
0.59239 -0.261218 0.75878 0.704744 -0.195146 0.681441 0.637013 -0.429762 0.638921
0.539659 -0.501144 0.676478 0.556864 -0.392064 0.729267 0.637013 -0.429762 0.638921
0.713492 -0.402407 0.56801 0.681387 -0.502121 0.532528 0.637013 -0.429762 0.638921
0.681387 -0.502121 0.532528 0.539659 -0.501144 0.676478 0.637013 -0.429762 0.638921
0.704744 -0.195146 0.681441 0.770757 -0.272189 0.572698 0.637013 -0.429762 0.638921
0.770757 -0.272189 0.572698 0.713492 -0.402407 0.56801 0.637013 -0.429762 0.638921
0.581418 0.386985 0.714666 0.688174 0.229395 0.68683 0.606946 0.244659 0.752566
0.478042 0.287088 0.829534 0.581418 0.386985 0.714666 0.606946 0.244659 0.752566
0.688174 0.229395 0.68683 0.716324 0.0461073 0.691696 0.606946 0.244659 0.752566
0.716324 0.0461073 0.691696 0.607027 0.00390911 0.788972 0.606946 0.244659 0.752566
0.51898 0.00702535 0.850501 0.478042 0.287088 0.829534 0.606946 0.244659 0.752566
0.607027 0.00390911 0.788972 0.51898 0.00702535 0.850501 0.606946 0.244659 0.752566
0.816034 0.322977 -0.479347 0.898841 0.355937 -0.254479 0.76548 0.485382 -0.418451
0.898841 0.355937 -0.254479 0.734376 0.623986 -0.25328 0.76548 0.485382 -0.418451
0.734376 0.623986 -0.25328 0.724102 0.537747 -0.427598 0.76548 0.485382 -0.418451
0.724102 0.537747 -0.427598 0.742342 0.391095 -0.542836 0.76548 0.485382 -0.418451
0.742342 0.391095 -0.542836 0.816034 0.322977 -0.479347 0.76548 0.485382 -0.418451
0.503098 0.538865 -0.67566 0.408107 0.715347 -0.563242 0.396863 0.575595 -0.711919
0.408107 0.715347 -0.563242 0.285012 0.683462 -0.672047 0.396863 0.575595 -0.711919
0.233715 0.593967 -0.766348 0.319163 0.488144 -0.812295 0.396863 0.575595 -0.711919
0.285012 0.683462 -0.672047 0.233715 0.593967 -0.766348 0.396863 0.575595 -0.711919
0.319163 0.488144 -0.812295 0.446962 0.428437 -0.781405 0.396863 0.575595 -0.711919
0.446962 0.428437 -0.781405 0.503098 0.538865 -0.67566 0.396863 0.575595 -0.711919
0.577563 0.775643 0.2459 0.60271 0.786615 0.134082 0.706473 0.670583 0.226305
0.60271 0.786615 0.134082 0.730522 0.674001 0.10982 0.706473 0.670583 0.226305
0.60213 0.68743 0.40488 0.577563 0.775643 0.2459 0.706473 0.670583 0.226305
0.74337 0.597965 0.288227 0.60213 0.68743 0.40488 0.706473 0.670583 0.226305
0.730522 0.674001 0.10982 0.74337 0.597965 0.288227 0.706473 0.670583 0.226305
0.240101 0.410108 -0.876398 0.319163 0.488144 -0.812295 0.189713 0.512538 -0.837331
0.100365 0.521907 -0.845852 0.240101 0.410108 -0.876398 0.189713 0.512538 -0.837331
0.319163 0.488144 -0.812295 0.233715 0.593967 -0.766348 0.189713 0.512538 -0.837331
0.233715 0.593967 -0.766348 0.100365 0.521907 -0.845852 0.189713 0.512538 -0.837331
0.285012 0.683462 -0.672047 0.299845 0.821131 -0.485564 0.222999 0.76046 -0.603546
0.00553993 0.794109 -0.600251 -0.0380077 0.713267 -0.694816 0.222999 0.76046 -0.603546
-0.0380077 0.713267 -0.694816 0.285012 0.683462 -0.672047 0.222999 0.76046 -0.603546
0.299845 0.821131 -0.485564 0.0245168 0.849991 -0.516132 0.222999 0.76046 -0.603546
0.0245168 0.849991 -0.516132 0.00553993 0.794109 -0.600251 0.222999 0.76046 -0.603546
0.403163 -0.558737 0.720987 0.314188 -0.488998 0.813736 0.421638 -0.410053 0.80468
0.539659 -0.501144 0.676478 0.403163 -0.558737 0.720987 0.421638 -0.410053 0.80468
0.450942 -0.327128 0.830439 0.556864 -0.392064 0.729267 0.421638 -0.410053 0.80468
0.556864 -0.392064 0.729267 0.539659 -0.501144 0.676478 0.421638 -0.410053 0.80468
0.314188 -0.488998 0.813736 0.352946 -0.356202 0.864741 0.421638 -0.410053 0.80468
0.352946 -0.356202 0.864741 0.450942 -0.327128 0.830439 0.421638 -0.410053 0.80468
0.409101 -0.801182 0.431448 0.518174 -0.682791 0.515066 0.533897 -0.729813 0.420502
0.481918 -0.828852 0.284182 0.409101 -0.801182 0.431448 0.533897 -0.729813 0.420502
0.518174 -0.682791 0.515066 0.626128 -0.655772 0.421346 0.533897 -0.729813 0.420502
0.626128 -0.655772 0.421346 0.481918 -0.828852 0.284182 0.533897 -0.729813 0.420502
0.528581 0.679586 0.508658 0.60213 0.68743 0.40488 0.643605 0.621225 0.445248
0.593481 0.581286 0.551694 0.528581 0.679586 0.508658 0.643605 0.621225 0.445248
0.60213 0.68743 0.40488 0.74337 0.597965 0.288227 0.643605 0.621225 0.445248
0.74337 0.597965 0.288227 0.876064 0.37431 0.299142 0.736762 0.546831 0.39614
0.876064 0.37431 0.299142 0.771661 0.464095 0.434921 0.736762 0.546831 0.39614
0.643605 0.621225 0.445248 0.74337 0.597965 0.288227 0.736762 0.546831 0.39614
0.747363 0.244367 0.614673 0.651702 0.443221 0.614368 0.719985 0.39539 0.564789
0.825983 0.29252 0.481854 0.747363 0.244367 0.614673 0.719985 0.39539 0.564789
0.771661 0.464095 0.434921 0.825983 0.29252 0.481854 0.719985 0.39539 0.564789
0.651702 0.443221 0.614368 0.593481 0.581286 0.551694 0.673208 0.518357 0.527349
0.593481 0.581286 0.551694 0.643605 0.621225 0.445248 0.673208 0.518357 0.527349
0.643605 0.621225 0.445248 0.736762 0.546831 0.39614 0.673208 0.518357 0.527349
0.736762 0.546831 0.39614 0.771661 0.464095 0.434921 0.673208 0.518357 0.527349
0.771661 0.464095 0.434921 0.719985 0.39539 0.564789 0.673208 0.518357 0.527349
0.719985 0.39539 0.564789 0.651702 0.443221 0.614368 0.673208 0.518357 0.527349
