-0.713919 -0.677847 0.00820571 -0.942869 -0.209571 -0.127833 -0.794 -0.486435 0.218223
-0.794 -0.486435 0.218223 -0.942869 -0.209571 -0.127833 -0.913083 -0.212745 0.339363
0.597522 0.550035 0.462379 0.510117 0.270608 0.783786 0.405866 0.665883 0.552445
0.510117 0.270608 0.783786 0.00491348 0.673635 0.725199 0.405866 0.665883 0.552445
0.813044 0.522629 0.198519 0.822687 0.566759 0.0140537 0.917356 0.282083 0.0846971
0.917356 0.282083 0.0846971 0.822687 0.566759 0.0140537 0.923948 0.329264 -0.164961
0.828181 -0.331156 -0.438364 0.871883 -0.132847 -0.381704 0.558977 -0.205237 -0.751812
0.760125 0.524735 -0.245891 0.923948 0.329264 -0.164961 0.663991 0.717032 -0.157095
0.923948 0.329264 -0.164961 0.822687 0.566759 0.0140537 0.663991 0.717032 -0.157095
0.157018 -0.82812 -0.462437 -0.0418409 -0.867977 -0.488375 0.219214 -0.928953 -0.182182
0.720389 -0.544298 -0.409998 0.828181 -0.331156 -0.438364 0.510666 -0.593554 -0.588955
-0.251503 -0.724296 -0.616434 -0.454878 -0.869747 -0.0713078 -0.172399 -0.92761 -0.25224
-0.0418409 -0.867977 -0.488375 -0.251503 -0.724296 -0.616434 -0.172399 -0.92761 -0.25224
-0.103244 -0.908078 0.106464 0.219214 -0.928953 -0.182182 -0.172399 -0.92761 -0.25224
0.219214 -0.928953 -0.182182 -0.0418409 -0.867977 -0.488375 -0.172399 -0.92761 -0.25224
-0.103244 -0.908078 0.106464 -0.337992 -0.867183 0.187098 0.137242 -0.899289 0.287695
-0.251503 -0.724296 -0.616434 -0.143162 -0.660512 -0.713737 -0.456343 -0.498886 -0.682512
-0.416608 -0.553819 -0.660634 -0.251503 -0.724296 -0.616434 -0.456343 -0.498886 -0.682512
-0.143162 -0.660512 -0.713737 -0.169286 -0.155126 -0.937341 -0.456343 -0.498886 -0.682512
0.137242 -0.899289 0.287695 0.115146 -0.745109 0.647905 0.205481 -0.83166 0.409473
-0.0150457 0.954344 -0.16366 -0.099826 0.938841 -0.200704 -0.0449538 0.844783 -0.466515
0.258705 0.954222 -0.120777 -0.0150457 0.954344 -0.16366 -0.0449538 0.844783 -0.466515
-0.099826 0.938841 -0.200704 -0.367107 0.853267 -0.328948 -0.0449538 0.844783 -0.466515
-0.87402 0.0531327 0.342448 -0.913083 -0.212745 0.339363 -0.973754 -0.0295724 -0.00997957
-0.939329 0.206275 -0.0856227 -0.892209 0.402692 0.0332142 -0.973754 -0.0295724 -0.00997957
-0.947691 -0.174047 -0.158334 -0.939329 0.206275 -0.0856227 -0.973754 -0.0295724 -0.00997957
-0.942869 -0.209571 -0.127833 -0.947691 -0.174047 -0.158334 -0.973754 -0.0295724 -0.00997957
0.813044 0.522629 0.198519 0.673635 0.637745 0.26865 0.713919 0.690786 -0.0375586
0.822687 0.566759 0.0140537 0.813044 0.522629 0.198519 0.713919 0.690786 -0.0375586
0.663991 0.717032 -0.157095 0.822687 0.566759 0.0140537 0.713919 0.690786 -0.0375586
-0.713919 -0.677847 0.00820571 -0.794 -0.486435 0.218223 -0.647084 -0.677847 0.285335
-0.794 -0.486435 0.218223 -0.913083 -0.212745 0.339363 -0.647084 -0.677847 0.285335
-0.913083 -0.212745 0.339363 -0.770623 -0.238929 0.54858 -0.647084 -0.677847 0.285335
-0.770623 -0.238929 0.54858 -0.532884 -0.660939 0.484333 -0.647084 -0.677847 0.285335
-0.454878 -0.869747 -0.0713078 -0.713919 -0.677847 0.00820571 -0.647084 -0.677847 0.285335
-0.939329 0.206275 -0.0856227 -0.947691 -0.174047 -0.158334 -0.896908 0.0101016 -0.279546
-0.519944 0.835749 0.14981 -0.793634 0.503708 0.313656 -0.786493 0.562181 -0.122554
-0.793634 0.503708 0.313656 -0.892209 0.402692 0.0332142 -0.786493 0.562181 -0.122554
-0.892209 0.402692 0.0332142 -0.939329 0.206275 -0.0856227 -0.786493 0.562181 -0.122554
0.663991 0.717032 -0.157095 0.713919 0.690786 -0.0375586 0.51793 0.838252 -0.0768239
0.871883 -0.132847 -0.381704 0.937498 0.186316 -0.204806 0.427229 0.19303 -0.860924
0.558977 -0.205237 -0.751812 0.871883 -0.132847 -0.381704 0.427229 0.19303 -0.860924
0.447676 0.352519 -0.76289 0.373089 0.455733 -0.79745 0.427229 0.19303 -0.860924
-0.0110172 -0.533555 0.775854 0.211463 -0.302957 0.920683 -0.00424207 -0.681631 0.696537
0.211463 -0.302957 0.920683 0.115146 -0.745109 0.647905 -0.00424207 -0.681631 0.696537
0.922361 -0.333659 0.033917 0.828181 -0.331156 -0.438364 0.803766 -0.553575 -0.169336
0.828181 -0.331156 -0.438364 0.720389 -0.544298 -0.409998 0.803766 -0.553575 -0.169336
-0.387982 0.395062 -0.797736 -0.367107 0.853267 -0.328948 -0.49736 0.319071 -0.794034
-0.099826 0.938841 -0.200704 -0.0150457 0.954344 -0.16366 -0.0241605 0.996033 -0.00225331
-0.367107 0.853267 -0.328948 -0.099826 0.938841 -0.200704 -0.0241605 0.996033 -0.00225331
-0.0150457 0.954344 -0.16366 0.258705 0.954222 -0.120777 -0.0241605 0.996033 -0.00225331
0.258705 0.954222 -0.120777 0.104343 0.97467 -0.0107762 -0.0241605 0.996033 -0.00225331
-0.0110172 -0.533555 0.775854 -0.00424207 -0.681631 0.696537 -0.143406 -0.420087 0.795608
-0.00424207 -0.681631 0.696537 -0.532884 -0.660939 0.484333 -0.143406 -0.420087 0.795608
-0.464034 0.378399 0.730386 0.00491348 0.673635 0.725199 -0.168432 -0.0644246 0.947224
0.597522 0.550035 0.462379 0.813044 0.522629 0.198519 0.85406 0.205298 0.430804
0.510117 0.270608 0.783786 0.597522 0.550035 0.462379 0.85406 0.205298 0.430804
0.813044 0.522629 0.198519 0.917356 0.282083 0.0846971 0.85406 0.205298 0.430804
0.813044 0.522629 0.198519 0.597522 0.550035 0.462379 0.590442 0.693045 0.326962
0.673635 0.637745 0.26865 0.813044 0.522629 0.198519 0.590442 0.693045 0.326962
0.597522 0.550035 0.462379 0.405866 0.665883 0.552445 0.590442 0.693045 0.326962
0.713919 0.690786 -0.0375586 0.673635 0.637745 0.26865 0.590442 0.693045 0.326962
0.51793 0.838252 -0.0768239 0.713919 0.690786 -0.0375586 0.590442 0.693045 0.326962
0.258705 0.954222 -0.120777 -0.0449538 0.844783 -0.466515 0.492904 0.734855 -0.392932
0.663991 0.717032 -0.157095 0.51793 0.838252 -0.0768239 0.492904 0.734855 -0.392932
0.51793 0.838252 -0.0768239 0.258705 0.954222 -0.120777 0.492904 0.734855 -0.392932
0.219214 -0.928953 -0.182182 -0.103244 -0.908078 0.106464 0.161779 -0.903623 0.221123
-0.103244 -0.908078 0.106464 0.137242 -0.899289 0.287695 0.161779 -0.903623 0.221123
-0.913083 -0.212745 0.339363 -0.87402 0.0531327 0.342448 -0.829279 -0.117283 0.468883
0.157018 -0.82812 -0.462437 0.219214 -0.928953 -0.182182 0.426496 -0.886959 -0.144719
0.510666 -0.593554 -0.588955 0.157018 -0.82812 -0.462437 0.426496 -0.886959 -0.144719
0.720389 -0.544298 -0.409998 0.510666 -0.593554 -0.588955 0.426496 -0.886959 -0.144719
0.803766 -0.553575 -0.169336 0.720389 -0.544298 -0.409998 0.426496 -0.886959 -0.144719
0.219214 -0.928953 -0.182182 0.161779 -0.903623 0.221123 0.426496 -0.886959 -0.144719
0.205481 -0.83166 0.409473 0.115146 -0.745109 0.647905 0.451765 -0.84228 0.150328
0.922361 -0.333659 0.033917 0.803766 -0.553575 -0.169336 0.451765 -0.84228 0.150328
0.137242 -0.899289 0.287695 0.205481 -0.83166 0.409473 0.451765 -0.84228 0.150328
0.803766 -0.553575 -0.169336 0.426496 -0.886959 -0.144719 0.451765 -0.84228 0.150328
0.161779 -0.903623 0.221123 0.137242 -0.899289 0.287695 0.451765 -0.84228 0.150328
0.426496 -0.886959 -0.144719 0.161779 -0.903623 0.221123 0.451765 -0.84228 0.150328
-0.367107 0.853267 -0.328948 -0.387982 0.395062 -0.797736 -0.0613727 0.736808 -0.635953
-0.0449538 0.844783 -0.466515 -0.367107 0.853267 -0.328948 -0.0613727 0.736808 -0.635953
-0.387982 0.395062 -0.797736 0.373089 0.455733 -0.79745 -0.0613727 0.736808 -0.635953
0.373089 0.455733 -0.79745 0.492904 0.734855 -0.392932 -0.0613727 0.736808 -0.635953
0.492904 0.734855 -0.392932 -0.0449538 0.844783 -0.466515 -0.0613727 0.736808 -0.635953
-0.197485 0.957091 0.157606 -0.519944 0.835749 0.14981 -0.415571 0.886105 -0.0214894
-0.519944 0.835749 0.14981 -0.786493 0.562181 -0.122554 -0.415571 0.886105 -0.0214894
-0.786493 0.562181 -0.122554 -0.367107 0.853267 -0.328948 -0.415571 0.886105 -0.0214894
-0.367107 0.853267 -0.328948 -0.0241605 0.996033 -0.00225331 -0.415571 0.886105 -0.0214894
-0.0241605 0.996033 -0.00225331 -0.197485 0.957091 0.157606 -0.415571 0.886105 -0.0214894
0.917356 0.282083 0.0846971 0.984375 -0.0623493 0.106642 0.931822 -0.0362255 0.342193
0.85406 0.205298 0.430804 0.917356 0.282083 0.0846971 0.931822 -0.0362255 0.342193
0.922361 -0.333659 0.033917 0.657643 -0.221534 0.614193 0.931822 -0.0362255 0.342193
0.510117 0.270608 0.783786 0.85406 0.205298 0.430804 0.931822 -0.0362255 0.342193
0.657643 -0.221534 0.614193 0.510117 0.270608 0.783786 0.931822 -0.0362255 0.342193
0.382 -0.415326 0.727468 0.115146 -0.745109 0.647905 0.438032 -0.228431 0.833631
0.115146 -0.745109 0.647905 0.211463 -0.302957 0.920683 0.438032 -0.228431 0.833631
0.211463 -0.302957 0.920683 0.510117 0.270608 0.783786 0.438032 -0.228431 0.833631
0.657643 -0.221534 0.614193 0.382 -0.415326 0.727468 0.438032 -0.228431 0.833631
0.510117 0.270608 0.783786 0.657643 -0.221534 0.614193 0.438032 -0.228431 0.833631
-0.532884 -0.660939 0.484333 -0.770623 -0.238929 0.54858 -0.736015 -0.158361 0.635163
-0.143406 -0.420087 0.795608 -0.532884 -0.660939 0.484333 -0.736015 -0.158361 0.635163
-0.168432 -0.0644246 0.947224 -0.143406 -0.420087 0.795608 -0.736015 -0.158361 0.635163
-0.87402 0.0531327 0.342448 -0.793634 0.503708 0.313656 -0.736015 -0.158361 0.635163
-0.829279 -0.117283 0.468883 -0.87402 0.0531327 0.342448 -0.736015 -0.158361 0.635163
-0.770623 -0.238929 0.54858 -0.913083 -0.212745 0.339363 -0.736015 -0.158361 0.635163
-0.913083 -0.212745 0.339363 -0.829279 -0.117283 0.468883 -0.736015 -0.158361 0.635163
0.00491348 0.673635 0.725199 0.510117 0.270608 0.783786 0.111606 -0.0183416 0.92566
-0.168432 -0.0644246 0.947224 0.00491348 0.673635 0.725199 0.111606 -0.0183416 0.92566
0.510117 0.270608 0.783786 0.211463 -0.302957 0.920683 0.111606 -0.0183416 0.92566
0.211463 -0.302957 0.920683 -0.168432 -0.0644246 0.947224 0.111606 -0.0183416 0.92566
0.373089 0.455733 -0.79745 -0.387982 0.395062 -0.797736 -0.382733 0.279824 -0.85112
-0.387982 0.395062 -0.797736 -0.49736 0.319071 -0.794034 -0.382733 0.279824 -0.85112
0.115146 -0.745109 0.647905 0.382 -0.415326 0.727468 0.467635 -0.619617 0.429193
0.451765 -0.84228 0.150328 0.115146 -0.745109 0.647905 0.467635 -0.619617 0.429193
0.922361 -0.333659 0.033917 0.451765 -0.84228 0.150328 0.467635 -0.619617 0.429193
0.657643 -0.221534 0.614193 0.922361 -0.333659 0.033917 0.467635 -0.619617 0.429193
0.382 -0.415326 0.727468 0.657643 -0.221534 0.614193 0.467635 -0.619617 0.429193
0.984375 -0.0623493 0.106642 0.917356 0.282083 0.0846971 0.948912 0.196753 -0.0733503
0.917356 0.282083 0.0846971 0.923948 0.329264 -0.164961 0.948912 0.196753 -0.0733503
0.923948 0.329264 -0.164961 0.937498 0.186316 -0.204806 0.948912 0.196753 -0.0733503
0.937498 0.186316 -0.204806 0.984375 -0.0623493 0.106642 0.948912 0.196753 -0.0733503
0.937498 0.186316 -0.204806 0.871883 -0.132847 -0.381704 0.948149 0.0135197 -0.168801
-0.913083 -0.212745 0.339363 -0.942869 -0.209571 -0.127833 -0.952147 -0.135594 0.0741407
-0.942869 -0.209571 -0.127833 -0.973754 -0.0295724 -0.00997957 -0.952147 -0.135594 0.0741407
-0.973754 -0.0295724 -0.00997957 -0.913083 -0.212745 0.339363 -0.952147 -0.135594 0.0741407
0.115146 -0.745109 0.647905 0.137242 -0.899289 0.287695 -0.376568 -0.812555 0.413388
0.137242 -0.899289 0.287695 -0.337992 -0.867183 0.187098 -0.376568 -0.812555 0.413388
-0.647084 -0.677847 0.285335 -0.532884 -0.660939 0.484333 -0.376568 -0.812555 0.413388
-0.454878 -0.869747 -0.0713078 -0.647084 -0.677847 0.285335 -0.376568 -0.812555 0.413388
-0.00424207 -0.681631 0.696537 0.115146 -0.745109 0.647905 -0.376568 -0.812555 0.413388
-0.532884 -0.660939 0.484333 -0.00424207 -0.681631 0.696537 -0.376568 -0.812555 0.413388
-0.713919 -0.677847 0.00820571 -0.454878 -0.869747 -0.0713078 -0.637196 -0.641957 -0.362327
-0.454878 -0.869747 -0.0713078 -0.251503 -0.724296 -0.616434 -0.637196 -0.641957 -0.362327
-0.251503 -0.724296 -0.616434 -0.416608 -0.553819 -0.660634 -0.637196 -0.641957 -0.362327
-0.942869 -0.209571 -0.127833 -0.713919 -0.677847 0.00820571 -0.637196 -0.641957 -0.362327
-0.947691 -0.174047 -0.158334 -0.942869 -0.209571 -0.127833 -0.637196 -0.641957 -0.362327
-0.197485 0.957091 0.157606 0.00491348 0.673635 0.725199 -0.364116 0.761406 0.406913
-0.519944 0.835749 0.14981 -0.197485 0.957091 0.157606 -0.364116 0.761406 0.406913
-0.464034 0.378399 0.730386 -0.793634 0.503708 0.313656 -0.364116 0.761406 0.406913
-0.793634 0.503708 0.313656 -0.519944 0.835749 0.14981 -0.364116 0.761406 0.406913
0.00491348 0.673635 0.725199 -0.464034 0.378399 0.730386 -0.364116 0.761406 0.406913
0.828181 -0.331156 -0.438364 0.558977 -0.205237 -0.751812 0.717215 -0.312479 -0.556066
0.558977 -0.205237 -0.751812 0.510666 -0.593554 -0.588955 0.717215 -0.312479 -0.556066
0.510666 -0.593554 -0.588955 0.828181 -0.331156 -0.438364 0.717215 -0.312479 -0.556066
-0.172399 -0.92761 -0.25224 -0.454878 -0.869747 -0.0713078 -0.395367 -0.884762 -0.00351658
-0.337992 -0.867183 0.187098 -0.103244 -0.908078 0.106464 -0.395367 -0.884762 -0.00351658
-0.103244 -0.908078 0.106464 -0.172399 -0.92761 -0.25224 -0.395367 -0.884762 -0.00351658
-0.454878 -0.869747 -0.0713078 -0.376568 -0.812555 0.413388 -0.395367 -0.884762 -0.00351658
-0.376568 -0.812555 0.413388 -0.337992 -0.867183 0.187098 -0.395367 -0.884762 -0.00351658
-0.464034 0.378399 0.730386 -0.168432 -0.0644246 0.947224 -0.617969 0.157872 0.703387
-0.168432 -0.0644246 0.947224 -0.736015 -0.158361 0.635163 -0.617969 0.157872 0.703387
-0.793634 0.503708 0.313656 -0.464034 0.378399 0.730386 -0.617969 0.157872 0.703387
-0.736015 -0.158361 0.635163 -0.793634 0.503708 0.313656 -0.617969 0.157872 0.703387
0.405866 0.665883 0.552445 0.00491348 0.673635 0.725199 0.36314 0.924619 0.0179547
-0.0241605 0.996033 -0.00225331 0.104343 0.97467 -0.0107762 0.36314 0.924619 0.0179547
0.104343 0.97467 -0.0107762 0.258705 0.954222 -0.120777 0.36314 0.924619 0.0179547
0.590442 0.693045 0.326962 0.405866 0.665883 0.552445 0.36314 0.924619 0.0179547
0.258705 0.954222 -0.120777 0.51793 0.838252 -0.0768239 0.36314 0.924619 0.0179547
0.51793 0.838252 -0.0768239 0.590442 0.693045 0.326962 0.36314 0.924619 0.0179547
0.984375 -0.0623493 0.106642 0.922361 -0.333659 0.033917 0.954772 -0.144648 0.149614
0.922361 -0.333659 0.033917 0.931822 -0.0362255 0.342193 0.954772 -0.144648 0.149614
0.931822 -0.0362255 0.342193 0.984375 -0.0623493 0.106642 0.954772 -0.144648 0.149614
0.510666 -0.593554 -0.588955 0.558977 -0.205237 -0.751812 0.236549 -0.381146 -0.811205
0.558977 -0.205237 -0.751812 0.427229 0.19303 -0.860924 0.236549 -0.381146 -0.811205
0.427229 0.19303 -0.860924 -0.169286 -0.155126 -0.937341 0.236549 -0.381146 -0.811205
0.923948 0.329264 -0.164961 0.760125 0.524735 -0.245891 0.706046 0.408246 -0.438432
0.373089 0.455733 -0.79745 0.447676 0.352519 -0.76289 0.706046 0.408246 -0.438432
0.447676 0.352519 -0.76289 0.427229 0.19303 -0.860924 0.706046 0.408246 -0.438432
0.937498 0.186316 -0.204806 0.923948 0.329264 -0.164961 0.706046 0.408246 -0.438432
0.427229 0.19303 -0.860924 0.937498 0.186316 -0.204806 0.706046 0.408246 -0.438432
-0.143162 -0.660512 -0.713737 -0.251503 -0.724296 -0.616434 -0.00277718 -0.732902 -0.678834
-0.251503 -0.724296 -0.616434 -0.0418409 -0.867977 -0.488375 -0.00277718 -0.732902 -0.678834
-0.0418409 -0.867977 -0.488375 0.157018 -0.82812 -0.462437 -0.00277718 -0.732902 -0.678834
0.157018 -0.82812 -0.462437 0.510666 -0.593554 -0.588955 -0.00277718 -0.732902 -0.678834
-0.169286 -0.155126 -0.937341 -0.143162 -0.660512 -0.713737 -0.00277718 -0.732902 -0.678834
0.236549 -0.381146 -0.811205 -0.169286 -0.155126 -0.937341 -0.00277718 -0.732902 -0.678834
0.510666 -0.593554 -0.588955 0.236549 -0.381146 -0.811205 -0.00277718 -0.732902 -0.678834
0.00491348 0.673635 0.725199 -0.197485 0.957091 0.157606 -0.0263985 0.891842 0.266408
0.36314 0.924619 0.0179547 0.00491348 0.673635 0.725199 -0.0263985 0.891842 0.266408
-0.197485 0.957091 0.157606 -0.0241605 0.996033 -0.00225331 -0.0263985 0.891842 0.266408
-0.0241605 0.996033 -0.00225331 0.36314 0.924619 0.0179547 -0.0263985 0.891842 0.266408
0.211463 -0.302957 0.920683 -0.0110172 -0.533555 0.775854 0.040315 -0.386151 0.855181
-0.168432 -0.0644246 0.947224 0.211463 -0.302957 0.920683 0.040315 -0.386151 0.855181
-0.0110172 -0.533555 0.775854 -0.143406 -0.420087 0.795608 0.040315 -0.386151 0.855181
-0.143406 -0.420087 0.795608 -0.168432 -0.0644246 0.947224 0.040315 -0.386151 0.855181
-0.896908 0.0101016 -0.279546 -0.947691 -0.174047 -0.158334 -0.646229 -0.350078 -0.668714
-0.49736 0.319071 -0.794034 -0.896908 0.0101016 -0.279546 -0.646229 -0.350078 -0.668714
-0.456343 -0.498886 -0.682512 -0.169286 -0.155126 -0.937341 -0.646229 -0.350078 -0.668714
-0.169286 -0.155126 -0.937341 -0.49736 0.319071 -0.794034 -0.646229 -0.350078 -0.668714
-0.416608 -0.553819 -0.660634 -0.456343 -0.498886 -0.682512 -0.646229 -0.350078 -0.668714
-0.637196 -0.641957 -0.362327 -0.416608 -0.553819 -0.660634 -0.646229 -0.350078 -0.668714
-0.947691 -0.174047 -0.158334 -0.637196 -0.641957 -0.362327 -0.646229 -0.350078 -0.668714
-0.367107 0.853267 -0.328948 -0.786493 0.562181 -0.122554 -0.732414 0.445936 -0.332959
-0.49736 0.319071 -0.794034 -0.367107 0.853267 -0.328948 -0.732414 0.445936 -0.332959
-0.939329 0.206275 -0.0856227 -0.896908 0.0101016 -0.279546 -0.732414 0.445936 -0.332959
-0.896908 0.0101016 -0.279546 -0.49736 0.319071 -0.794034 -0.732414 0.445936 -0.332959
-0.786493 0.562181 -0.122554 -0.939329 0.206275 -0.0856227 -0.732414 0.445936 -0.332959
0.427229 0.19303 -0.860924 0.373089 0.455733 -0.79745 -0.164098 -0.00381481 -0.948445
0.373089 0.455733 -0.79745 -0.382733 0.279824 -0.85112 -0.164098 -0.00381481 -0.948445
-0.169286 -0.155126 -0.937341 0.427229 0.19303 -0.860924 -0.164098 -0.00381481 -0.948445
-0.49736 0.319071 -0.794034 -0.169286 -0.155126 -0.937341 -0.164098 -0.00381481 -0.948445
-0.382733 0.279824 -0.85112 -0.49736 0.319071 -0.794034 -0.164098 -0.00381481 -0.948445
0.871883 -0.132847 -0.381704 0.828181 -0.331156 -0.438364 0.971374 -0.142522 -0.0546657
0.948149 0.0135197 -0.168801 0.871883 -0.132847 -0.381704 0.971374 -0.142522 -0.0546657
0.984375 -0.0623493 0.106642 0.937498 0.186316 -0.204806 0.971374 -0.142522 -0.0546657
0.937498 0.186316 -0.204806 0.948149 0.0135197 -0.168801 0.971374 -0.142522 -0.0546657
0.828181 -0.331156 -0.438364 0.922361 -0.333659 0.033917 0.971374 -0.142522 -0.0546657
0.922361 -0.333659 0.033917 0.984375 -0.0623493 0.106642 0.971374 -0.142522 -0.0546657
0.760125 0.524735 -0.245891 0.663991 0.717032 -0.157095 0.612415 0.616504 -0.37723
0.663991 0.717032 -0.157095 0.492904 0.734855 -0.392932 0.612415 0.616504 -0.37723
0.706046 0.408246 -0.438432 0.760125 0.524735 -0.245891 0.612415 0.616504 -0.37723
0.492904 0.734855 -0.392932 0.373089 0.455733 -0.79745 0.612415 0.616504 -0.37723
0.373089 0.455733 -0.79745 0.706046 0.408246 -0.438432 0.612415 0.616504 -0.37723
-0.793634 0.503708 0.313656 -0.87402 0.0531327 0.342448 -0.858638 0.353435 0.215143
-0.892209 0.402692 0.0332142 -0.793634 0.503708 0.313656 -0.858638 0.353435 0.215143
-0.87402 0.0531327 0.342448 -0.973754 -0.0295724 -0.00997957 -0.858638 0.353435 0.215143
-0.973754 -0.0295724 -0.00997957 -0.892209 0.402692 0.0332142 -0.858638 0.353435 0.215143
