1 1 1 1
0.00927763  0.274483  0.961547
0.00747705  0.0166021  0.499669
0.00457777  0.182211  0.465573
0.0032838  0.0819116  0.182427
0.0035663  0.140507  0.248732
0.00322139  0.122644  0.185273
0.00142604  0.111259  0.143794
0.00113427  0.0547502  0.0628138
0.000597291  0.0967436  0.10511
0.00122481  0.046262  0.0479872
0.000564593  0.00479904  0.0623129
0.000333908  0.0476843  0.0344428
0.000925728  0.0464254  0.0304999
0.00156559  0.0883663  0.0467842
0.000843421  0.0080014  0.0905498
0.000865135  0.0406215  0.015476
0.000734886  0.0769091  0.0220089
0.0002911  0.038343  0.00300344
0.000513163  0.00384307  0.0368336
0.000289926  0.0061255  0.0351839
0.000265195  0.00627207  0.0339065
0.00696433  0.0071454  0.0318049
0.0194856  0.0265899  0.0847189
0.00611626  0.00938174  0.0271961
0.0119531  0.0183247  0.0510656
0.00548014  0.00931722  0.0247713
0.00547084  0.00991532  0.0237545
0.00549803  0.010104  0.022916
0.00516525  0.010445  0.0221184
0.00488893  0.0113425  0.0210317
0.00513874  0.0120781  0.0198647
0.00962859  0.0261655  0.0358995
0.00455742  0.0133834  0.0171447
0.0045738  0.0137625  0.0161945
0.00439077  0.0140918  0.0153244
0.00869216  0.0282041  0.0281916
0.0042079  0.00156255  0.0194898
0.00807567  0.0286592  0.0243447
0.0076658  0.0290321  0.0216815
0.00384422  0.0149607  0.00959047
0.00367204  0.0153628  0.00832936
0.00383784  0.0160538  0.00594418
0.00345279  0.0163821  0.00411938
0.00363636  0.00185697  0.01645
0.00350658  0.00326142  0.0159639
0.00747113  0.000533581  0.0313764
0.00720619  0.00908594  0.0290172
0.000551211  0.00341526  0.0149906
0.00336814  0.00514098  0.013849
0.00338254  0.00591785  0.013278
0.00341538  0.00594034  0.0130119
0.00658764  0.0133837  0.0243662
0.000330976  0.00364417  0.0136009
0.00327142  0.00719643  0.0114197
0.00632558  0.0143594  0.0220051
0.00313324  0.00738141  0.0106525
0.00602205  0.0141368  0.0209405
0.00295951  0.00767658  0.00983245
0.00301167  0.00828018  0.00908842
0.0029191  0.00867413  0.00851401
0.00342984  0.00740827  0.0348311
0.00539854  0.0185237  0.013467
0.00274879  0.0104338  0.00433458
0.000394986  0.0033423  0.0109905
0.00260794  0.00107439  0.011008
0.00256699  0.0103235  0.00361703
0.00248421  0.0101152  0.0038689
0.000232745  0.000258234  0.0109835
0.00071538  0.00656903  0.0204647
0.000788341  0.0070366  0.019826
0.00236964  0.00168805  0.0100021
0.000208281  0.00409452  0.00945901
0.000752173  0.00831337  0.0183965
0.00255928  0.000100711  0.00966643
0.00489553  0.00489074  0.0183446
0.000324741  0.00408237  0.00880275
0.00246965  0.000267624  0.00928896
0.00241939  0.00443187  0.00807515
0.000373132  0.00427892  0.00839948
0.00241581  0.000432393  0.0090178
0.0023601  0.0050463  0.00739586
0.00221189  0.00501007  0.00736035
0.00220954  0.00529357  0.0070527
0.00220283  0.00569019  0.00662808
0.00216518  0.00584974  0.00638842
0.00217249  0.00601727  0.00611452
0.00445783  0.0121315  0.0116366
0.00207894  0.000629839  0.00834252
0.00217751  0.00601762  0.00566551
0.00209285  0.0062594  0.00531586
0.00207372  0.00671971  0.00460018
0.00207323  0.00677511  0.00438681
0.00209796  0.00683917  0.00413831
0.00206725  0.00696272  0.00379911
0.000318087  0.00405772  0.00703789
0.00198272  0.000656148  0.0077894
0.00202447  0.00733616  0.00246622
0.00205056  0.00744506  0.00183151
0.00197577  0.00735231  0.00200994
0.00200993  0.00720141  0.00226605
0.000296195  0.000410698  0.00773538
0.00385139  0.00196577  0.0146416
0.00377237  0.00213492  0.0143993
0.00195046  0.00228798  0.00683027
0.00401139  0.00515629  0.0131744
0.00200799  0.00274845  0.00645704
0.00191514  0.00385772  0.00582754
0.00189786  0.00419706  0.00552629
0.00195624  0.00472601  0.00498582
0.00192245  0.00528122  0.00432576
0.0019549  0.00600914  0.00310837
0.00191903  0.000559577  0.00670122
0.00185866  0.00628469  0.00229637
0.00182017  0.00115212  0.00655149
0.000140887  0.00534534  0.00428026
0.00177298  0.0012905  0.00643958
0.000241261  0.00553169  0.00387247
0.000205642  0.00539297  0.00398956
0.00198574  4.19121e-005  0.00636393
0.00185617  0.00145397  0.00618856
0.00189134  0.00164278  0.00608331
0.00192526  0.00203138  0.00590639
0.00182397  0.0029056  0.00551328
0.00182284  0.00308139  0.00536709
0.00185498  0.00339969  0.00510809
0.0017864  0.00376446  0.00481738
0.00183227  0.00387585  0.00465599
0.00176585  0.00380618  0.0046851
0.000225074  0.00549829  0.00296321
0.00185765  0.00492466  0.00329781
0.00178364  0.00502312  0.00311301
0.000138925  0.00548884  0.00273701
0.00172616  0.00571776  0.00122798
0.00180485  0.00562096  0.00137053
0.000143033  0.000490134  0.00600242
0.000179822  0.00557995  0.00216523
0.00189687  0.00128977  0.00549265
0.00177766  0.00132837  0.00548527
0.00182824  0.000124946  0.00558964
0.00176401  0.00199709  0.00520562
0.00178604  0.00210081  0.00511847
0.00180783  0.00245489  0.00491098
0.00179603  0.00261056  0.00479466
0.00174357  0.00266749  0.00474315
0.00357601  0.0055016  0.009199
0.00175842  0.0028804  0.00449143
0.00174689  0.00302082  0.00436269
0.00170598  0.00363408  0.00384022
0.00168408  0.00368684  0.00375435
0.0016537  0.00397512  0.00341369
0.00174305  0.00409615  0.0031692
0.00166558  0.004326  0.00283698
0.00163975  0.00440621  0.00266738
0.0016923  0.00441994  0.00255056
0.00326646  0.00935132  0.00387975
0.00160763  0.00500504  0.000599899
0.000374531  0.00121914  0.0103932
0.00337317  1.8659e-005  0.00979812
0.00166373  0.00169173  0.00457606
0.00172531  0.0018117  0.00447655
0.00172274  0.00184948  0.00443197
0.00164242  0.0019442  0.00439201
0.00164029  0.00223402  0.00422211
0.00165506  0.000266232  0.00473728
0.00163884  0.00269387  0.00388037
0.00167502  0.00296075  0.00363044
0.00164437  0.00345403  0.00314215
0.00326129  0.0071904  0.00581133
0.00158607  0.00368366  0.00277676
0.00155763  0.00387526  0.00247408
0.00158785  0.00378223  0.00255171
0.00157464  0.00410562  0.00194379
0.00158813  0.00444139  0.000803196
0.000100275  0.000661233  0.0047147
0.0015537  0.000498133  0.00444963
0.00159589  0.000585321  0.00440005
0.00331824  0.00220903  0.00845293
0.00162756  0.00118724  0.00419223
0.00159375  0.00126341  0.004159
0.00158387  0.00121877  0.00415239
0.00313128  0.00261818  0.0081694
0.00163468  0.0001279  0.00423941
0.00155658  0.00143506  0.00399903
0.00160978  0.00156194  0.00390634
0.00155029  0.00175228  0.00382559
0.00154064  0.00187144  0.00374887
0.00152647  0.00192877  0.00370173
0.00152134  0.00201746  0.00363236
0.00151167  0.00208924  0.00357162
0.00155886  0.0021454  0.00349341
0.00150354  0.00021936  0.00409393
0.00448701  0.00687509  0.00999
0.00146803  0.00236499  0.00326675
0.00147793  0.00256956  0.0030783
0.00150774  0.00266303  0.00295681
0.00298515  0.00545934  0.0057005
0.00146745  0.00299466  0.00255592
0.00146259  0.00309067  0.00241149
0.001486  0.0031284  0.00231647
0.00287303  0.006393  0.00437857
0.00143249  0.00336834  0.00188079
0.00144438  0.00342057  0.00173494
0.00140858  0.00355609  0.00142472
0.000208811  0.00128697  0.00799138
0.0014676  0.00108267  0.00359626
0.00146734  0.00153549  0.00340851
0.00147148  0.00171026  0.00330299
0.00150525  0.00182673  0.00320469
0.00148887  0.00188585  0.00315815
0.00284303  0.00373624  0.0063212
0.00146728  0.00193858  0.00307696
0.00146942  0.00227148  0.00281779
0.00144945  0.00260773  0.00249782
0.00140905  0.00274596  0.00234466
0.00142883  0.00285507  0.00217126
0.00286617  0.00591007  0.0039462
0.00144276  0.00306769  0.00175375
0.00140153  0.00305371  0.00177987
0.00138189  0.00324745  0.00137568
0.00142366  0.00318498  0.00143842
0.00139421  0.00325401  0.00126518
0.00136225  0.00323405  0.00130867
0.00140544  0.00063041  0.00339856
0.00133941  0.000731309  0.0033898
0.00141719  0.000934319  0.00329181
0.00141061  0.00102141  0.0032532
0.00146825  0.0011808  0.00315696
0.0014584  0.00128938  0.00310293
0.00145776  0.00131497  0.00307663
0.0014347  0.00150484  0.00298332
0.00141978  0.00166149  0.00288984
0.00137895  0.00166585  0.00289073
0.00140824  0.000171694  0.00330555
0.00136688  0.00213411  0.00253454
0.00138227  0.00222632  0.0024265
0.00138778  0.00234612  0.00228785
0.00135147  0.00025562  0.00326849
0.00135424  0.00254587  0.00204222
0.00135958  0.00298394  0.00128297
0.00134431  0.000290408  0.003228
0.000104574  0.000697017  0.00342473
0.00270237  0.000918521  0.00633041
0.00134049  0.000621142  0.00312894
0.00144426  0.000693086  0.00305358
0.00143867  0.000897515  0.00298893
0.00141995  0.00114841  0.0028971
0.00138989  0.00126345  0.00284961
0.00280336  0.00303923  0.00537284
0.00140736  0.00187854  0.00242979
0.00137426  0.00187344  0.00243687
0.00136719  0.00189501  0.00240842
0.00139997  0.00205199  0.00223941
0.00137557  0.00212246  0.00217119
0.00133551  0.00217908  0.00212259
0.00134585  0.00237519  0.00187393
0.00137444  0.00242013  0.00177372
0.00133238  0.00242201  0.00178306
0.00133721  0.00256716  0.00153992
0.00137134  0.00267187  0.00128849
0.00135375  0.00265621  0.0013123
0.00134361  0.00260577  0.00139503
0.00134203  0.0026718  0.00123844
0.00133907  0.00271556  0.00111286
0.0013436  0.00281006  0.000798331
0.00134457  0.000579853  0.00285109
0.00134866  7.80026e-007  0.00289627
0.00137353  0.000806118  0.0027579
0.0013963  9.5334e-005  0.00284945
0.00137449  9.54187e-005  0.00284887
0.000328986  0.00144877  0.00611122
0.00266312  0.00196215  0.00530282
0.0026153  0.00200683  0.00526416
0.00262949  0.00250647  0.00499071
0.00132253  0.00132591  0.00244138
0.00132859  0.00150439  0.00231972
0.00132807  0.00157334  0.00226116
0.00129573  0.00179259  0.00209827
0.00130052  0.00184577  0.00203481
0.00131674  0.00188124  0.00197735
0.00131018  0.00199928  0.0018476
0.00128361  0.00211387  0.0017194
0.00253175  0.00432869  0.00327244
0.00127321  0.00235457  0.00132121
0.00259652  0.00508889  0.0016069
0.00126769  0.0025836  0.000686414
0.000152683  6.73386e-005  0.00294513
0.00125359  0.000320265  0.0026413
0.000162885  0.000928443  0.00277693
0.000124037  0.00104744  0.00272711
0.00126701  0.000553959  0.00256665
0.000124381  0.00111446  0.00268198
0.00257449  5.60975e-005  0.00517495
0.000122426  0.00126313  0.00258738
0.00127897  0.000851362  0.00242833
0.00130556  0.00101105  0.00234167
0.00253156  0.00276284  0.00429244
0.000128663  0.00125542  0.00254522
0.00125584  0.00175624  0.00183401
0.0012554  0.00181059  0.00176793
0.00253647  0.00376921  0.00330438
0.0012852  0.00206397  0.00139088
0.00126285  0.00208651  0.00136168
0.00125713  0.00224511  0.00106687
0.00122244  0.00236654  0.000788153
0.000162314  0.00134738  0.00241487
0.000115835  0.000138261  0.00275654
0.00124848  0.000383036  0.00242561
0.00123902  0.000496849  0.00240112
0.00130987  2.22409e-005  0.00240621
0.00259283  0.00112628  0.00465904
0.00128012  0.000640723  0.00230976
0.00124803  0.000906789  0.00222809
0.00124565  0.00106072  0.00215124
0.00126154  0.00108139  0.00212235
0.00125241  0.00135627  0.00195404
0.00124054  0.00148109  0.00185877
0.00126187  0.00150797  0.00181188
0.00127917  0.00162017  0.00168816
0.0012571  0.00159849  0.00171402
0.0012358  0.00168475  0.0016341
0.00125239  0.00176765  0.00151843
0.000387369  0.00524102  0.00586334
0.00120987  0.00180618  0.00145835
0.00124289  0.00185661  0.00135106
0.00123727  0.0018869  0.00130017
0.00124072  0.00200756  0.00108481
0.00124335  0.00205185  0.000977523
0.00119377  0.00203173  0.00106016
0.00118959  0.00220882  0.000590402
0.00121227  0.000242893  0.00225386
0.00014195  0.000164643  0.00255487
0.00119951  0.000347959  0.00223185
0.000109151  0.00190647  0.00169149
0.000114308  0.00201422  0.00155064
0.00121067  0.000486127  0.0021771
0.000137063  0.00204853  0.00148121
0.00248314  0.00118369  0.00422042
0.00122779  0.000558075  0.00211992
0.00124476  0.000620772  0.00208485
0.00244133  0.00135758  0.00413161
0.00242028  0.000117379  0.004331
0.00122346  0.000732292  0.0020233
0.00119331  0.000879686  0.00197454
0.00484938  0.00365446  0.00766637
0.00117861  0.00101113  0.00188078
0.00117648  0.00106436  0.00184471
0.00120207  0.00110326  0.00179696
0.00120729  0.00111492  0.00177823
0.00118344  0.00120673  0.0017256
0.00118838  0.00116618  0.00174188
0.0011911  0.00122206  0.00169302
0.00119352  0.00130725  0.00161785
0.00116014  0.00129331  0.00164461
0.00117325  0.00152024  0.00141717
0.00115055  0.0015499  0.0013939
0.00117754  0.000170498  0.00205581
0.00117648  0.00175286  0.00107643
0.00116793  0.00170298  0.00115092
0.00114329  0.00188034  0.000848333
0.00114247  0.00198277  0.000547468
0.00116486  0.00203342  0.000136628
0.0011284  0.000202837  0.0020421
0.00010111  0.00212275  0.000970932
9.43298e-005  0.00210101  0.0010052
0.00115999  0.000245  0.00200068
0.0011277  0.000321046  0.00200212
0.000223567  0.00452477  0.000900259
0.000126434  0.00228959  0.000225569
0.00117205  7.57701e-006  0.00197761
0.00116768  0.000484936  0.0019136
0.00115649  0.000538579  0.00189971
0.0011781  5.81105e-005  0.00195481
0.00235007  0.00128025  0.00367413
0.00114116  0.000699088  0.00183055
0.00115294  0.000760063  0.00179212
0.00116012  0.000803402  0.00176189
0.0011564  0.000853831  0.00173388
0.00114187  0.000809804  0.0017579
0.00115149  0.00101341  0.00163534
0.00115247  0.00107573  0.00158727
0.00113273  0.0012469  0.00146446
0.00114761  0.00133004  0.00136905
0.00113692  0.00130687  0.00139204
0.00226944  0.00269589  0.00267585
0.00110931  0.00140668  0.00128987
0.00113093  0.00153063  0.00110896
0.00113462  0.00162774  0.000945213
0.00113146  0.00169672  0.000806289
0.001096  0.00188974  0.000125748
0.00111466  0.000186843  0.00186812
0.000308892  0.000698948  0.00646252
0.00109748  0.00021984  0.00185264
0.0011216  0.000384283  0.00180532
0.00109196  0.000385692  0.00181759
0.00114316  0.000459944  0.00176251
0.00114346  0.000540427  0.00173361
0.00226332  0.00159622  0.00325457
0.00112639  0.000862456  0.00159175
