1 1 1 1
0.00927763  0.274483  0.961547
0.00747705  0.0166021  0.499669
0.00457777  0.182211  0.465573
0.0032838  0.0819116  0.182427
0.0035663  0.140507  0.248732
0.00322139  0.122644  0.185273
0.00142604  0.111259  0.143794
0.00113427  0.0547502  0.0628138
0.000597291  0.0967436  0.10511
0.00122481  0.046262  0.0479872
0.000564593  0.00479904  0.0623129
0.000333908  0.0476843  0.0344428
0.000925728  0.0464254  0.0304999
0.00156559  0.0883663  0.0467842
0.000843421  0.0080014  0.0905498
0.000865135  0.0406215  0.015476
0.000734886  0.0769091  0.0220089
0.0002911  0.038343  0.00300344
0.000513163  0.00384307  0.0368336
0.000289926  0.0061255  0.0351839
0.000265195  0.00627207  0.0339065
0.00696433  0.0071454  0.0318049
0.0194856  0.0265899  0.0847189
0.00611626  0.00938174  0.0271961
0.0119531  0.0183247  0.0510656
0.00548014  0.00931722  0.0247713
0.00547084  0.00991532  0.0237545
0.00549803  0.010104  0.022916
0.00516525  0.010445  0.0221184
0.00488893  0.0113425  0.0210317
0.00513874  0.0120781  0.0198647
0.00962859  0.0261655  0.0358995
0.00455742  0.0133834  0.0171447
0.0045738  0.0137625  0.0161945
0.00439077  0.0140918  0.0153244
0.00869216  0.0282041  0.0281916
0.0042079  0.00156255  0.0194898
0.00807567  0.0286592  0.0243447
0.0076658  0.0290321  0.0216815
0.00384422  0.0149607  0.00959047
0.00367204  0.0153628  0.00832936
0.00383784  0.0160538  0.00594418
0.00345279  0.0163821  0.00411938
0.00363636  0.00185697  0.01645
0.00350658  0.00326142  0.0159639
0.00747113  0.000533581  0.0313764
0.00720619  0.00908594  0.0290172
0.000551211  0.00341526  0.0149906
0.00336814  0.00514098  0.013849
0.00338254  0.00591785  0.013278
0.00341538  0.00594034  0.0130119
0.00658764  0.0133837  0.0243662
0.000330976  0.00364417  0.0136009
0.00327142  0.00719643  0.0114197
0.00632558  0.0143594  0.0220051
0.00313324  0.00738141  0.0106525
0.00602205  0.0141368  0.0209405
0.00295951  0.00767658  0.00983245
0.00301167  0.00828018  0.00908842
0.0029191  0.00867413  0.00851401
0.00342984  0.00740827  0.0348311
0.00539854  0.0185237  0.013467
0.00274879  0.0104338  0.00433458
0.000394986  0.0033423  0.0109905
0.00260794  0.00107439  0.011008
0.00256699  0.0103235  0.00361703
0.00248421  0.0101152  0.0038689
0.000232745  0.000258234  0.0109835
0.00071538  0.00656903  0.0204647
0.000788341  0.0070366  0.019826
0.00236964  0.00168805  0.0100021
0.000208281  0.00409452  0.00945901
0.000752173  0.00831337  0.0183965
0.00255928  0.000100711  0.00966643
0.00489553  0.00489074  0.0183446
0.000324741  0.00408237  0.00880275
0.00246965  0.000267624  0.00928896
0.00241939  0.00443187  0.00807515
0.000373132  0.00427892  0.00839948
0.00241581  0.000432393  0.0090178
0.0023601  0.0050463  0.00739586
0.00221189  0.00501007  0.00736035
0.00220954  0.00529357  0.0070527
0.00220283  0.00569019  0.00662808
0.00216518  0.00584974  0.00638842
0.00217249  0.00601727  0.00611452
0.00445783  0.0121315  0.0116366
0.00207894  0.000629839  0.00834252
0.00217751  0.00601762  0.00566551
0.00209285  0.0062594  0.00531586
0.00207372  0.00671971  0.00460018
0.00207323  0.00677511  0.00438681
0.00209796  0.00683917  0.00413831
0.00206725  0.00696272  0.00379911
0.000318087  0.00405772  0.00703789
0.00198272  0.000656148  0.0077894
0.00202447  0.00733616  0.00246622
0.00205056  0.00744506  0.00183151
0.00197577  0.00735231  0.00200994
0.00200993  0.00720141  0.00226605
0.000296195  0.000410698  0.00773538
0.00385139  0.00196577  0.0146416
0.00377237  0.00213492  0.0143993
0.00195046  0.00228798  0.00683027
0.00401139  0.00515629  0.0131744
0.00200799  0.00274845  0.00645704
0.00191514  0.00385772  0.00582754
0.00189786  0.00419706  0.00552629
0.00195624  0.00472601  0.00498582
0.00192245  0.00528122  0.00432576
0.0019549  0.00600914  0.00310837
0.00191903  0.000559577  0.00670122
0.00185866  0.00628469  0.00229637
0.00182017  0.00115212  0.00655149
0.000140887  0.00534534  0.00428026
0.00177298  0.0012905  0.00643958
0.000241261  0.00553169  0.00387247
0.000205642  0.00539297  0.00398956
0.00198574  4.19121e-005  0.00636393
0.00185617  0.00145397  0.00618856
0.00189134  0.00164278  0.00608331
0.00192526  0.00203138  0.00590639
0.00182397  0.0029056  0.00551328
0.00182284  0.00308139  0.00536709
0.00185498  0.00339969  0.00510809
0.0017864  0.00376446  0.00481738
0.00183227  0.00387585  0.00465599
0.00176585  0.00380618  0.0046851
0.000225074  0.00549829  0.00296321
0.00185765  0.00492466  0.00329781
0.00178364  0.00502312  0.00311301
0.000138925  0.00548884  0.00273701
0.00172616  0.00571776  0.00122798
0.00180485  0.00562096  0.00137053
0.000143033  0.000490134  0.00600242
0.000179822  0.00557995  0.00216523
0.00189687  0.00128977  0.00549265
0.00177766  0.00132837  0.00548527
0.00182824  0.000124946  0.00558964
0.00176401  0.00199709  0.00520562
0.00178604  0.00210081  0.00511847
0.00180783  0.00245489  0.00491098
0.00179603  0.00261056  0.00479466
0.00174357  0.00266749  0.00474315
0.00357601  0.0055016  0.009199
0.00175842  0.0028804  0.00449143
0.00174689  0.00302082  0.00436269
0.00170598  0.00363408  0.00384022
0.00168408  0.00368684  0.00375435
0.0016537  0.00397512  0.00341369
0.00174305  0.00409615  0.0031692
0.00166558  0.004326  0.00283698
0.00163975  0.00440621  0.00266738
0.0016923  0.00441994  0.00255056
0.00326646  0.00935132  0.00387975
0.00160763  0.00500504  0.000599899
0.000374531  0.00121914  0.0103932
0.00337317  1.8659e-005  0.00979812
0.00166373  0.00169173  0.00457606
0.00172531  0.0018117  0.00447655
0.00172274  0.00184948  0.00443197
0.00164242  0.0019442  0.00439201
0.00164029  0.00223402  0.00422211
0.00165506  0.000266232  0.00473728
0.00163884  0.00269387  0.00388037
0.00167502  0.00296075  0.00363044
0.00164437  0.00345403  0.00314215
0.00326129  0.0071904  0.00581133
0.00158607  0.00368366  0.00277676
0.00155763  0.00387526  0.00247408
0.00158785  0.00378223  0.00255171
0.00157464  0.00410562  0.00194379
0.00158813  0.00444139  0.000803196
0.000100275  0.000661233  0.0047147
0.0015537  0.000498133  0.00444963
0.00159589  0.000585321  0.00440005
0.00331824  0.00220903  0.00845293
0.00162756  0.00118724  0.00419223
0.00159375  0.00126341  0.004159
0.00158387  0.00121877  0.00415239
0.00313128  0.00261818  0.0081694
0.00163468  0.0001279  0.00423941
0.00155658  0.00143506  0.00399903
0.00160978  0.00156194  0.00390634
0.00155029  0.00175228  0.00382559
0.00154064  0.00187144  0.00374887
0.00152647  0.00192877  0.00370173
0.00152134  0.00201746  0.00363236
0.00151167  0.00208924  0.00357162
0.00155886  0.0021454  0.00349341
0.00150354  0.00021936  0.00409393
0.00448701  0.00687509  0.00999
0.00146803  0.00236499  0.00326675
0.00147793  0.00256956  0.0030783
0.00150774  0.00266303  0.00295681
0.00298515  0.00545934  0.0057005
0.00146745  0.00299466  0.00255592
0.00146259  0.00309067  0.00241149
0.001486  0.0031284  0.00231647
0.00287303  0.006393  0.00437857
0.00143249  0.00336834  0.00188079
0.00144438  0.00342057  0.00173494
0.00140858  0.00355609  0.00142472
0.000208811  0.00128697  0.00799138
0.0014676  0.00108267  0.00359626
0.00146734  0.00153549  0.00340851
0.00147148  0.00171026  0.00330299
0.00150525  0.00182673  0.00320469
0.00148887  0.00188585  0.00315815
0.00284303  0.00373624  0.0063212
0.00146728  0.00193858  0.00307696
0.00146942  0.00227148  0.00281779
0.00144945  0.00260773  0.00249782
0.00140905  0.00274596  0.00234466
0.00142883  0.00285507  0.00217126
0.00286617  0.00591007  0.0039462
0.00144276  0.00306769  0.00175375
0.00140153  0.00305371  0.00177987
0.00138189  0.00324745  0.00137568
0.00142366  0.00318498  0.00143842
0.00139421  0.00325401  0.00126518
0.00136225  0.00323405  0.00130867
0.00140544  0.00063041  0.00339856
0.00133941  0.000731309  0.0033898
0.00141719  0.000934319  0.00329181
0.00141061  0.00102141  0.0032532
0.00146825  0.0011808  0.00315696
0.0014584  0.00128938  0.00310293
0.00145776  0.00131497  0.00307663
0.0014347  0.00150484  0.00298332
0.00141978  0.00166149  0.00288984
0.00137895  0.00166585  0.00289073
0.00140824  0.000171694  0.00330555
0.00136688  0.00213411  0.00253454
0.00138227  0.00222632  0.0024265
0.00138778  0.00234612  0.00228785
0.00135147  0.00025562  0.00326849
0.00135424  0.00254587  0.00204222
0.00135958  0.00298394  0.00128297
0.00134431  0.000290408  0.003228
0.000104574  0.000697017  0.00342473
0.00270237  0.000918521  0.00633041
0.00134049  0.000621142  0.00312894
0.00144426  0.000693086  0.00305358
0.00143867  0.000897515  0.00298893
0.00141995  0.00114841  0.0028971
0.00138989  0.00126345  0.00284961
0.00280336  0.00303923  0.00537284
0.00140736  0.00187854  0.00242979
0.00137426  0.00187344  0.00243687
0.00136719  0.00189501  0.00240842
0.00139997  0.00205199  0.00223941
0.00137557  0.00212246  0.00217119
0.00133551  0.00217908  0.00212259
0.00134585  0.00237519  0.00187393
0.00137444  0.00242013  0.00177372
0.00133238  0.00242201  0.00178306
0.00133721  0.00256716  0.00153992
0.00137134  0.00267187  0.00128849
0.00135375  0.00265621  0.0013123
0.00134361  0.00260577  0.00139503
0.00134203  0.0026718  0.00123844
0.00133907  0.00271556  0.00111286
0.0013436  0.00281006  0.000798331
0.00134457  0.000579853  0.00285109
0.00134866  7.80026e-007  0.00289627
0.00137353  0.000806118  0.0027579
0.0013963  9.5334e-005  0.00284945
0.00137449  9.54187e-005  0.00284887
0.000328986  0.00144877  0.00611122
0.00266312  0.00196215  0.00530282
0.0026153  0.00200683  0.00526416
0.00262949  0.00250647  0.00499071
0.00132253  0.00132591  0.00244138
0.00132859  0.00150439  0.00231972
0.00132807  0.00157334  0.00226116
0.00129573  0.00179259  0.00209827
0.00130052  0.00184577  0.00203481
0.00131674  0.00188124  0.00197735
0.00131018  0.00199928  0.0018476
0.00128361  0.00211387  0.0017194
0.00253175  0.00432869  0.00327244
0.00127321  0.00235457  0.00132121
0.00259652  0.00508889  0.0016069
0.00126769  0.0025836  0.000686414
0.000152683  6.73386e-005  0.00294513
0.00125359  0.000320265  0.0026413
0.000162885  0.000928443  0.00277693
0.000124037  0.00104744  0.00272711
0.00126701  0.000553959  0.00256665
0.000124381  0.00111446  0.00268198
0.00257449  5.60975e-005  0.00517495
0.000122426  0.00126313  0.00258738
0.00127897  0.000851362  0.00242833
0.00130556  0.00101105  0.00234167
0.00253156  0.00276284  0.00429244
0.000128663  0.00125542  0.00254522
0.00125584  0.00175624  0.00183401
0.0012554  0.00181059  0.00176793
0.00253647  0.00376921  0.00330438
0.0012852  0.00206397  0.00139088
0.00126285  0.00208651  0.00136168
0.00125713  0.00224511  0.00106687
0.00122244  0.00236654  0.000788153
0.000162314  0.00134738  0.00241487
0.000115835  0.000138261  0.00275654
0.00124848  0.000383036  0.00242561
0.00123902  0.000496849  0.00240112
0.00130987  2.22409e-005  0.00240621
0.00259283  0.00112628  0.00465904
0.00128012  0.000640723  0.00230976
0.00124803  0.000906789  0.00222809
0.00124565  0.00106072  0.00215124
0.00126154  0.00108139  0.00212235
0.00125241  0.00135627  0.00195404
0.00124054  0.00148109  0.00185877
0.00126187  0.00150797  0.00181188
0.00127917  0.00162017  0.00168816
0.0012571  0.00159849  0.00171402
0.0012358  0.00168475  0.0016341
0.00125239  0.00176765  0.00151843
0.000387369  0.00524102  0.00586334
0.00120987  0.00180618  0.00145835
0.00124289  0.00185661  0.00135106
0.00123727  0.0018869  0.00130017
0.00124072  0.00200756  0.00108481
0.00124335  0.00205185  0.000977523
0.00119377  0.00203173  0.00106016
0.00118959  0.00220882  0.000590402
0.00121227  0.000242893  0.00225386
0.00014195  0.000164643  0.00255487
0.00119951  0.000347959  0.00223185
0.000109151  0.00190647  0.00169149
0.000114308  0.00201422  0.00155064
0.00121067  0.000486127  0.0021771
0.000137063  0.00204853  0.00148121
0.00248314  0.00118369  0.00422042
0.00122779  0.000558075  0.00211992
0.00124476  0.000620772  0.00208485
0.00244133  0.00135758  0.00413161
0.00242028  0.000117379  0.004331
0.00122346  0.000732292  0.0020233
0.00119331  0.000879686  0.00197454
0.00484938  0.00365446  0.00766637
0.00117861  0.00101113  0.00188078
0.00117648  0.00106436  0.00184471
0.00120207  0.00110326  0.00179696
0.00120729  0.00111492  0.00177823
0.00118344  0.00120673  0.0017256
0.00118838  0.00116618  0.00174188
0.0011911  0.00122206  0.00169302
0.00119352  0.00130725  0.00161785
0.00116014  0.00129331  0.00164461
0.00117325  0.00152024  0.00141717
0.00115055  0.0015499  0.0013939
0.00117754  0.000170498  0.00205581
0.00117648  0.00175286  0.00107643
0.00116793  0.00170298  0.00115092
0.00114329  0.00188034  0.000848333
0.00114247  0.00198277  0.000547468
0.00116486  0.00203342  0.000136628
0.0011284  0.000202837  0.0020421
0.00010111  0.00212275  0.000970932
9.43298e-005  0.00210101  0.0010052
0.00115999  0.000245  0.00200068
0.0011277  0.000321046  0.00200212
0.000223567  0.00452477  0.000900259
0.000126434  0.00228959  0.000225569
0.00117205  7.57701e-006  0.00197761
0.00116768  0.000484936  0.0019136
0.00115649  0.000538579  0.00189971
0.0011781  5.81105e-005  0.00195481
0.00235007  0.00128025  0.00367413
0.00114116  0.000699088  0.00183055
0.00115294  0.000760063  0.00179212
0.00116012  0.000803402  0.00176189
0.0011564  0.000853831  0.00173388
0.00114187  0.000809804  0.0017579
0.00115149  0.00101341  0.00163534
0.00115247  0.00107573  0.00158727
0.00113273  0.0012469  0.00146446
0.00114761  0.00133004  0.00136905
0.00113692  0.00130687  0.00139204
0.00226944  0.00269589  0.00267585
0.00110931  0.00140668  0.00128987
0.00113093  0.00153063  0.00110896
0.00113462  0.00162774  0.000945213
0.00113146  0.00169672  0.000806289
0.001096  0.00188974  0.000125748
0.00111466  0.000186843  0.00186812
0.000308892  0.000698948  0.00646252
0.00109748  0.00021984  0.00185264
0.0011216  0.000384283  0.00180532
0.00109196  0.000385692  0.00181759
0.00114316  0.000459944  0.00176251
0.00114346  0.000540427  0.00173361
0.00226332  0.00159622  0.00325457
0.00112639  0.000862456  0.00159175
0.001121  0.000941268  0.00154412
0.00111124  0.00097711  0.00152254
0.0022243  0.00217527  0.00286344
0.00113755  0.00111541  0.001383
0.00113632  0.00121123  0.00129377
0.00112598  0.00118625  0.00131853
0.0011162  0.00137288  0.00112443
0.00112855  0.00154125  0.000853
0.00111995  0.00165182  0.000612881
0.00110019  0.00167915  0.000557044
0.00109588  0.001732  0.000348522
0.00107942  0.000168675  0.00176373
0.000198496  0.000526508  0.00409358
0.00110999  0.000299773  0.00171152
0.0010944  0.000350397  0.00170684
0.00113351  6.51729e-006  0.00171217
0.00112381  0.000424258  0.00166018
0.00112013  0.000488796  0.00163962
0.00223686  0.001173  0.00319532
0.00333492  0.00282673  0.00421498
0.00109719  0.0011835  0.0012152
0.00110593  0.00127636  0.00110118
0.00112397  0.00130032  0.00104609
0.00110749  0.0014454  0.000846448
0.00110283  0.0016628  0.000186871
0.0011099  0.00027247  0.00164131
0.00113217  0.000419339  0.00158946
0.0022631  0.000988728  0.00311613
0.00112252  0.0005457  0.00154237
0.00112949  0.000634543  0.0014976
0.00110916  0.000844506  0.00140081
0.00113033  0.000890034  0.00134926
0.00112438  0.000912071  0.00133376
0.00112996  0.00106581  0.00120293
0.0011159  0.00112906  0.00115094
0.00113128  0.00116281  0.00109441
0.00112513  0.000117425  0.00159216
0.0033088  0.00402323  0.00260705
0.00109878  0.00136564  0.000826723
0.0010871  0.00139996  0.000774348
0.00110197  0.00150766  0.000489353
0.00108973  0.00157614  0.000201881
0.00108482  0.00157968  0.00016123
0.00109949  0.000257737  0.00155201
0.00107645  0.000275017  0.00156063
0.0011073  0.000367038  0.00151495
0.00113641  0.000418756  0.00147486
0.00113366  0.000563284  0.00142325
0.00110342  0.000621741  0.00141783
0.00110214  0.000680789  0.00138652
0.00220737  0.00148416  0.00268659
0.00112965  0.000776323  0.00129662
0.00111591  0.000836701  0.00126541
0.00109672  0.000905229  0.00122924
0.00221425  0.00213561  0.00213589
0.00108657  0.00136689  0.000666884
0.00110869  0.000150771  0.00149292
0.00111719  0.000223803  0.00147295
0.00111489  0.000321522  0.00145208
0.00113264  0.000417406  0.0014089
0.00111596  0.000414148  0.00141861
0.00114481  0.000527558  0.00135195
0.00334929  0.000265915  0.00437282
0.00113126  0.000952402  0.00108624
0.00111946  0.000963736  0.00108278
0.00111351  0.00102234  0.00102814
0.00112974  0.00113509  0.000874766
0.00111223  0.00114014  0.00088367
0.00109467  0.00117058  0.000858618
0.00112126  0.00121808  0.000743532
0.00112133  0.000118314  0.00141792
0.00111025  0.00131268  0.000560546
0.00109073  0.00130062  0.000613933
0.000125593  2.10056e-005  0.0017973
0.00109449  0.000286304  0.00139819
0.0033043  0.000930077  0.00412529
0.00224368  2.64385e-005  0.00277032
0.000133369  0.00038197  0.00173275
0.00112414  0.000361234  0.00132691
0.00225232  0.00118196  0.00246175
0.00112077  0.000626761  0.00121349
0.00112138  0.000842892  0.00106891
0.00110984  0.000847104  0.0010725
0.000246183  0.000890391  0.00338497
0.00108776  0.000926993  0.0010122
0.00110806  0.000965815  0.000946465
0.00108279  0.00095678  0.0009787
0.00110377  0.000995094  0.000909176
0.00109771  0.00106013  0.000834099
0.00107832  0.00013585  0.00135383
0.00011541  0.000471054  0.00166386
0.00108177  0.00127027  0.000457661
0.0010779  0.00125247  0.000502373
0.000133124  0.000509553  0.00164173
0.000107366  5.23174e-005  0.00171702
0.00108231  0.000198318  0.00131967
0.00107877  0.000225513  0.00131436
0.000125837  0.000573058  0.00160868
0.000126665  0.000561332  0.00160963
0.00107752  0.00024321  0.00130073
0.00110054  0.000457518  0.00121724
0.00109399  0.000539782  0.00118496
0.00109359  0.000562287  0.00117064
0.00111056  0.000642958  0.00110725
0.00108338  0.000655399  0.00112239
0.00219342  0.00145686  0.00210737
0.00109754  0.00077221  0.00101651
0.00109108  0.000797175  0.000999363
0.00109293  9.43206e-005  0.00126956
0.00108231  8.81305e-005  0.00127539
0.00108662  0.000915657  0.000881597
0.00109734  0.000966301  0.000805708
0.00108524  0.00107334  0.000669317
0.00217969  0.00223231  0.0011415
0.00107124  0.00109786  0.000630375
0.0021592  0.000245762  0.00249111
0.0010759  0.00113805  0.000519926
0.00105865  0.00122215  0.000315759
0.00106122  0.00013402  0.0012494
0.00105186  0.000148734  0.0012521
0.00025244  0.00160824  0.00283979
0.00209716  0.000384245  0.00246961
0.000109449  0.000862967  0.0013769
0.00209676  0.000485719  0.00243061
0.000123855  0.000879645  0.00135562
0.00105175  0.000261432  0.00120158
0.000117538  0.000924528  0.00131958
0.00109571  0.000399398  0.00111416
0.00106574  0.000443477  0.00112277
0.00108777  0.000514497  0.00106621
0.00106173  0.000665726  0.001003
0.001088  0.000685689  0.000956184
0.00108548  0.00085696  0.000804579
0.00215333  0.00175547  0.00156697
0.00106426  0.000866764  0.000807261
0.00107625  0.000895663  0.000753006
0.00107638  0.000969908  0.000648233
0.00106665  0.00103202  0.000555648
0.000103338  0.000102952  0.00157554
0.000118603  0.00118728  0.00103537
9.75244e-005  0.00125222  0.000954077
0.00106993  0.000285672  0.00111967
0.00109703  0.000375531  0.00106193
0.00107021  0.000477852  0.0010444
0.00108384  0.00050169  0.00101506
0.00108205  0.000556784  0.000983983
0.00108932  0.000570314  0.00096412
0.00107248  0.000614941  0.00095154
0.000112186  0.00133635  0.00079234
0.0010812  0.000765383  0.000814784
0.00213686  0.00159264  0.00158494
0.00106078  0.000940026  0.000622387
0.00105565  0.000987158  0.000547714
0.00105779  0.00100042  0.000511603
0.000207995  0.00268319  0.00149149
0.00107241  0.000107635  0.00109451
0.00107058  0.00109455  9.04785e-005
0.00104632  0.00110568  0.000166899
0.00211878  0.000250764  0.00218429
0.00104349  0.00013724  0.00110275
0.000103493  0.00151719  6.41307e-005
0.00106722  2.9962e-005  0.00108157
0.00106282  0.000340936  0.00102802
0.00108063  5.78927e-005  0.00106046
0.00107447  0.000448959  0.000965756
0.0010794  0.000475665  0.000943653
0.00105871  0.000462519  0.00096962
0.00107734  0.000482688  0.000935125
0.00211384  0.00109922  0.00182789
0.00107094  0.000592892  0.000865633
0.00107326  0.000704484  0.000769955
0.0010588  0.000756895  0.000735114
0.00105384  0.000852604  0.000624613
0.00106728  0.00103345  0.000118025
0.00104344  0.000133518  0.00105253
0.000111916  0.000163159  0.00147265
0.00105493  0.000206656  0.00102261
0.00105843  0.000221723  0.0010126
0.00105244  0.000260762  0.00100632
0.00105341  0.000268941  0.000999922
0.00108489  5.22146e-005  0.000997842
0.00106478  0.0004011  0.00093508
0.00108063  0.000455624  0.000887293
0.00108316  0.000578283  0.000805379
0.00105777  0.00061028  0.000811575
0.001074  0.000681237  0.000725334
0.00107564  6.3714e-005  0.000988099
0.00105812  8.08184e-005  0.00100251
0.00107598  0.000750061  0.000636117
0.00105682  0.000877352  0.000481838
0.00105945  0.000118703  0.000987975
0.0010542  0.000133325  0.000988634
0.000214027  0.000380355  0.0028612
0.00105077  0.000178172  0.000975915
0.00104089  0.000248905  0.000967911
0.00104924  0.00027537  0.000948434
0.00104281  0.000277433  0.000951768
0.00107245  2.6046e-005  0.000955784
0.00107187  0.000341001  0.000890637
0.00213385  0.000727903  0.00176166
0.00106187  0.000351137  0.000888793
0.00108326  5.32877e-005  0.00092667
0.00211025  0.00110726  0.00155387
0.00107621  0.000581759  0.000721815
0.001063  0.000810017  0.00047527
0.00105501  0.00086446  0.000382027
0.00106526  0.000930059  2.87141e-005
0.00106617  0.000133712  0.000916718
0.000107611  0.000201362  0.00139183
0.00104605  0.000142362  0.000932328
0.00107162  6.86774e-007  0.000910921
0.00109361  0.00028281  0.000834652
0.00214194  0.000713381  0.00165811
0.00215897  8.42243e-005  0.00177029
0.00108164  0.000445477  0.000759469
0.00107648  0.000493737  0.000732933
0.0010844  0.00058278  0.00064716
0.0010656  0.000559167  0.000693421
0.00107869  0.000617143  0.00061582
0.00106401  0.000714184  0.000525522
0.00211514  0.00141296  0.00107726
0.00105388  0.00073859  0.00049631
0.00105302  0.000793649  0.000398171
0.00106265  0.000799106  0.000352492
0.00105716  0.00084429  0.000237545
0.00104734  0.000844471  0.00026762
0.00106196  0.00085619  0.000125309
0.00105424  0.000112472  0.000864472
0.000108983  0.000242063  0.00134008
0.00104887  0.000146805  0.00085995
0.00104919  0.000171552  0.000851999
0.00103555  0.000243733  0.000848118
0.00215153  0.000693354  0.00150142
0.00107311  0.000325449  0.000760645
0.00106835  0.000429655  0.000710713
0.00107755  0.000578203  0.00057508
0.00106292  0.000594472  0.000581408
0.00105581  0.000734336  0.000402911
0.00107517  0.000134232  0.000798386
0.0021322  0.000391291  0.00158323
0.00105972  0.000257731  0.000779398
0.00107522  3.51351e-006  0.000797486
0.00109124  3.1661e-005  0.000771679
0.00107308  3.77304e-005  0.000793478
0.00214808  0.000705787  0.00140682
0.00108073  0.000459483  0.000623888
0.00107022  0.000458223  0.000638993
0.00108563  0.00049534  0.000578797
0.00108436  0.000485709  0.000585291
0.00107719  0.000546831  0.000538803
0.00105706  0.000559573  0.000560848
0.00107692  6.16007e-005  0.000759532
0.00211405  0.000117978  0.00156265
0.00106707  0.00060644  0.000469423
0.00106983  0.000678295  0.000342934
0.00105195  0.000705566  0.000336594
0.00106312  0.000744907  0.000167692
0.00107122  0.000127819  0.00073817
0.00105699  0.000150521  0.000751264
0.00104901  0.000215897  0.000743514
0.00106743  0.000260281  0.000698758
0.002155  8.82262e-005  0.00144722
0.00107096  0.000359968  0.000636965
0.000112112  0.000310878  0.00125247
0.00108414  0.0004211  0.000566462
0.00106744  0.000497207  0.000531599
0.000349569  0.00095986  0.0037233
0.00106234  0.000717145  9.61662e-005
0.001058  0.000718655  0.000109764
0.00105187  8.23217e-005  0.000728317
0.000126919  0.000355437  0.00122352
0.000106698  0.000376682  0.00121737
0.000119034  2.74393e-005  0.00127128
0.00106589  0.000145196  0.000685364
0.00104727  0.00013327  0.000712915
0.000102039  0.000403574  0.00120224
0.00212832  0.000360103  0.00133505
0.00104173  0.000191234  0.000696133
0.00105787  0.000218884  0.000659776
0.000211626  0.000909621  0.0023462
0.000119149  0.000522624  0.00114144
0.00106177  4.67387e-005  0.000675773
0.00106051  0.000366606  0.000568452
0.000110342  0.000547186  0.00112546
0.00107699  0.000410334  0.00049598
0.00107006  0.000413491  0.00050432
0.00105153  0.000546812  0.000402106
0.00107143  0.000584354  0.000270319
0.00105714  0.000611742  0.000258524
0.00105277  0.00066334  7.97672e-005
0.000123442  0.0005938  0.00108766
0.000111446  0.000603158  0.00108202
0.00106712  0.000139665  0.000620395
0.00104316  0.00024127  0.000626845
0.000119578  0.000767766  0.000965271
0.00107208  0.000274592  0.000554045
0.00106886  3.41778e-005  0.00061991
0.00107719  0.000443988  0.000408281
0.00108422  0.000469631  0.000352596
0.00106507  0.000491603  0.000374993
0.00107862  0.000503536  0.000309771
0.00105967  0.000505993  0.000360939
0.00106766  0.00055098  0.000249066
0.0010781  0.000571699  0.000112675
0.000119086  0.000808124  0.000911541
0.00105584  0.000116478  0.00060509
0.000318047  0.00250029  0.00264561
0.00106132  0.000172938  0.000568931
0.000221111  0.00187259  0.001528
0.000106463  0.000948775  0.000746813
0.00107354  6.13326e-006  0.0005596
0.00107756  0.000288948  0.000466388
0.00107464  0.000294128  0.000466111
0.00107172  0.000359081  0.000421396
0.00108381  0.000365707  0.000378418
0.00108207  0.000469787  0.000237761
0.0010757  0.000485215  0.000228136
0.00107918  0.000512623  0.000117263
0.00105988  0.000509007  0.000235094
0.00107425  7.16363e-005  0.000524509
0.0010569  5.92848e-005  0.000557016
0.00106826  7.533e-005  0.000529682
0.00106953  9.60714e-005  0.000520461
0.000118218  0.000101486  0.00118167
0.000102528  0.00108348  0.000482487
0.00211477  0.000358973  0.00102019
0.00105877  0.000234735  0.000480694
0.000113613  0.00117402  0.000112229
0.00107526  2.3548e-005  0.000493728
0.00107118  0.000279717  0.000414171
0.00106804  0.000372419  0.000338378
0.00106635  0.000428267  0.000264779
0.00106344  9.04412e-005  0.00049826
0.0001108  0.000127316  0.0011643
0.00107155  0.000192938  0.000442015
0.00106277  0.00018963  0.000460589
0.0010787  0.000247368  0.000386749
0.00108716  0.000270735  0.000340492
0.00109124  0.000319749  0.000273668
0.0010879  0.000401019  0.000142853
0.00108065  0.000405537  0.000171191
0.00107996  0.000109411  0.0004244
0.00110598  0.000270155  0.000242993
0.00109363  2.9312e-005  0.000393957
0.00221114  0.000579072  0.000398404
0.00110539  0.000314167  0.000148729
0.00109987  0.000164319  0.000320753
0.00109281  0.000174714  0.000334273
0.00110593  0.000206299  0.000260345
0.00109233  0.00019874  0.000312497
0.00109016  0.000185643  0.000323059
0.00109333  0.000214718  0.000287664
0.00111424  0.000236992  0.000153231
0.00221469  0.000485706  0.000345835
0.00110426  0.00029246  8.48022e-005
0.00109888  7.36775e-005  0.000310092
0.000193354  0.000393396  0.00224055
0.00110437  0.000129591  0.000252464
0.00112814  1.64759e-005  0.000155679
0.00113457  4.68714e-005  6.94575e-005
0.00111961  0.000131992  0.000142713
0.00112132  0.00014182  0.00010449
0.00111804  0.00017273  7.49414e-005
0.000130784  0.000267166  0.00109274
0.000133398  3.60422e-005  0.00112275
0.000125384  0.000345531  0.00106848
0.000243941  0.000745037  0.00211404
0.000246826  0.000826163  0.00207787
0.000130716  0.000446736  0.00102265
0.000118375  0.000461786  0.00101606
0.000115779  0.00052771  0.000982308
0.000242237  0.00122941  0.00185327
0.000118527  0.000659473  0.000894118
0.000131474  0.000726654  0.000836842
0.000231506  0.00152076  0.00161056
0.000116643  0.000812152  0.000751079
0.000128042  0.000853027  0.000700371
0.000114215  0.000929578  0.000595541
0.00011436  0.000964345  0.000534847
0.000121127  0.00100546  0.000448071
0.000113566  0.00107524  0.000233739
0.000253512  0.000242598  0.00217943
0.000110432  0.000141254  0.00108786
0.000241261  0.000329694  0.00216186
0.000133141  1.0061e-006  0.00109081
0.000291331  0.000456238  0.00212507
0.000142798  0.000247691  0.00105732
0.000146248  0.000288824  0.0010451
0.000280131  0.000615501  0.00207603
0.000149896  0.000417874  0.000996057
0.000143019  0.000536035  0.000937465
0.00013755  0.00058128  0.000909528
0.000137798  0.000587283  0.000904204
0.000134202  0.0006502  0.000859151
0.000140611  0.000662403  0.000847233
0.00027645  0.0014489  0.00158403
0.000133028  0.000775203  0.000741688
0.000144748  0.000794338  0.000717139
0.00014986  0.000815539  0.000690027
0.000428702  0.0027384  0.00165009
0.000135382  0.000942959  0.000496205
0.00014768  0.000929308  0.000515579
0.000144383  0.000943228  0.000488113
0.00013057  0.000976527  0.000419127
0.000298143  0.00192567  0.000876712
0.000131129  0.00101437  0.000304701
0.00013639  0.000119471  0.00105057
0.00013293  0.000200791  0.00103738
0.000149996  0.000252589  0.00102246
0.000152884  0.000311866  0.00100434
0.000169569  0.000318792  0.000998274
0.000161686  0.000455545  0.000943865
0.000169339  0.00048668  0.000925543
0.000305185  0.00098556  0.0018453
0.000155782  0.000672825  0.000798813
0.000463109  0.00196751  0.00242622
0.000156732  0.000688223  0.000779415
0.000302559  0.00169898  0.00119422
0.000149265  0.000883373  0.00054418
0.000153711  0.000880148  0.000546053
0.000156615  0.000909298  0.000492765
0.000157855  0.000946615  0.00041338
0.000166228  0.000995642  0.000265837
0.000165544  0.000126911  0.00102168
0.00016569  0.000147252  0.00101781
0.000148877  0.000177586  0.00101445
0.000146883  0.000197387  0.00100996
0.000174808  2.54162e-005  0.00102329
0.0001852  0.000375846  0.00094896
0.000178367  0.000456354  0.000913116
0.00035404  0.0010084  0.00177062
0.000185318  0.000570142  0.000841311
0.000176686  0.000558655  0.000849525
0.000180782  0.000623899  0.000800549
0.000172425  0.000788703  0.000639406
0.000183864  0.000899983  0.000463324
0.000179097  0.000887075  0.000487124
0.000171392  0.000914928  0.000433164
0.000175724  0.000935838  0.000381139
0.00017717  0.000985722  0.000216209
0.000183236  0.000140441  0.000997165
0.00017868  0.000177743  0.000990947
0.000197388  6.92044e-006  0.00100217
0.00018934  0.000229387  0.000976097
0.000185164  0.000262627  0.000967394
0.000200142  0.000355345  0.000933097
0.000198945  0.000375846  0.000924146
0.000200045  0.000397175  0.000913794
0.000201453  0.000492634  0.000864533
0.000202177  5.50942e-005  0.000992314
0.000199251  0.000521752  0.000845334
0.000191018  0.000569781  0.000814432
0.000370908  0.00120083  0.00158164
0.000189332  0.00064209  0.000755063
0.000187972  0.000625629  0.000767755
0.000197494  7.99075e-005  0.000984256
0.000187532  0.000723049  0.000673899
0.000181332  0.000796855  0.000584992
0.000184644  0.000830435  0.00053323
0.000185682  0.000947145  0.000272884
0.000376609  0.00194347  0.000298372
0.000188543  0.000125858  0.000973967
