0 0 0 1
-0.0367138  -0.298257  -0.44637
-0.0361034  -0.331523  0.0850198
-0.213843  -0.413739  0.0497731
-0.216956  0.879513  -0.220037
-0.235633  -0.359416  -0.23839
-0.222083  0.275613  -0.568602
-0.238624  0.815241  0.351241
-0.0249336  0.313517  0.090299
-0.243568  -0.457869  0.180123
-0.247291  -0.49559  -0.254837
-0.251503  -0.724296  -0.616434
-0.243263  0.830256  0.218539
-0.270486  -0.447493  0.504698
-0.26194  -0.445112  0.546001
-0.272744  -0.46556  0.13775
-0.266701  -0.792718  -0.145055
-0.26841  -0.81109  0.393736
-0.262612  -0.0944548  0.851249
-0.0295114  0.628468  -0.24682
-0.279763  0.479659  -0.484549
-0.266213  0.485824  -0.17671
-0.27073  0.154027  -0.201929
-0.286172  -0.501999  -0.0651835
-0.298624  -0.683462  0.0924346
-0.280313  -0.713858  -0.172406
-0.298196  -0.0890225  -0.740594
-0.288186  0.0184637  0.873423
-0.293497  0.781854  -0.224559
-0.0263985  0.891842  0.266408
-0.285012  0.125217  0.0561189
-0.302469  -0.335124  0.562581
-0.307413  -0.642872  -0.553285
-0.317301  -0.664296  -0.419344
-0.307352  -0.686575  0.423951
-0.303568  -0.728874  -0.266972
-0.301492  -0.770806  0.108639
-0.302225  0.225745  0.814083
-0.300455  0.804559  -0.144594
-0.328349  -0.57445  0.00308916
-0.337992  -0.867183  0.187098
-0.320475  -0.100925  -0.529097
-0.336894  0.211219  -0.428124
-0.326945  0.340373  -0.113892
-0.325297  0.0740684  -0.200843
-0.328898  0.770074  0.248053
-0.338664  0.142308  0.651572
-0.350261  -0.296548  0.460544
-0.354045  -0.0471511  -0.73547
-0.345866  -0.464522  0.405312
-0.347514  -0.815729  0.374404
-0.34019  -0.0899991  0.240673
-0.343059  0.38084  0.399698
-0.356243  0.54619  0.446524
-0.352031  0.569506  0.285514
-0.356365  0.603565  -0.140681
-0.364544  -0.379498  0.0921012
-0.374615  -0.043672  0.413881
-0.373699  -0.443953  0.0346222
-0.376568  -0.812555  0.413388
-0.373455  0.667409  -0.156729
-0.364116  0.761406  0.406913
-0.367107  0.853267  -0.328948
-0.397931  -0.521287  0.491633
-0.395367  -0.884762  -0.00351658
-0.382733  0.279824  -0.85112
-0.387982  0.395062  -0.797736
-0.387616  0.433027  0.0943498
-0.394269  0.617969  0.20989
-0.394086  0.703848  0.221365
-0.0262154  0.199072  0.795349
-0.39079  0.120762  0.2109
-0.386761  0.175939  -0.326906
-0.0428175  -0.799005  -0.470821
-0.0418409  -0.867977  -0.488375
-0.416608  -0.553819  -0.660634
-0.401471  -0.0767541  -0.651002
-0.409955  0.00839259  0.0913821
-0.403119  0.211035  0.304998
-0.401959  0.0820643  -0.117201
-0.415571  0.886105  -0.0214894
-0.425153  0.424665  -0.507564
-0.459944  -0.0235908  -0.759719
-0.456343  -0.498886  -0.682512
-0.443159  -0.659536  -0.420963
-0.454878  -0.869747  -0.0713078
-0.440962  0.512803  0.233995
-0.478317  -0.254677  -0.120013
-0.477218  -0.561449  -0.442575
-0.471297  0.361431  0.644089
-0.464034  0.378399  0.730386
-0.47087  0.620594  -0.287358
-0.467025  0.658864  -0.0765806
-0.0592975  0.709708  0.0770188
-0.480148  -0.545579  0.503498
-0.047029  0.827082  -0.441446
-0.488021  0.285928  -0.536449
-0.49736  0.319071  -0.794034
-0.0428785  0.862484  -0.491584
-0.0477004  0.99646  0.0243786
-0.51091  -0.507126  -0.183765
-0.505051  -0.529649  -0.41759
-0.507553  -0.140172  -0.35153
-0.500046  0.217566  0.592182
-0.509384  0.754387  0.117122
-0.519944  0.835749  0.14981
-0.529527  -0.265114  -0.0867847
-0.525864  -0.396161  -0.634333
-0.53972  -0.513779  0.00539336
-0.532884  -0.660939  0.484333
-0.530808  -0.185095  0.433796
-0.531419  0.222388  -0.740065
-0.556871  -0.659352  0.257425
-0.554064  -0.015656  -0.0306087
-0.552599  0.334452  -0.0985728
-0.554186  0.0539872  -0.461242
-0.559618  0.632496  0.204273
-0.578722  -0.63329  0.278455
-0.572802  0.574938  -0.190303
-0.599841  -0.703116  0.233695
-0.0660726  -0.354717  -0.521692
-0.0764489  -0.0561235  -0.583162
-0.0695517  -0.416425  0.00733128
-0.0675985  -0.460433  -0.153512
-0.609424  -0.490097  0.130952
-0.611805  -0.612781  0.330354
-0.608997  -0.732963  -0.0611404
-0.613514  -0.100497  -0.45071
-0.600574  0.245582  -0.0222701
-0.609729  0.02884  0.552528
-0.617969  0.157872  0.703387
-0.620655  -0.617603  -0.160855
-0.637196  -0.641957  -0.362327
-0.633229  -0.093173  0.618782
-0.635426  0.285867  0.501322
-0.0746178  0.265358  0.287934
-0.628346  0.650197  0.234354
-0.0727256  0.283303  -0.801944
-0.646229  -0.350078  -0.668714
-0.656545  -0.639149  -0.00353276
-0.647084  -0.677847  0.285335
-0.0686972  0.412885  0.260231
-0.645863  0.0623493  0.58544
-0.643422  0.114292  -0.0611006
-0.0617389  0.554735  0.13479
-0.643849  0.166723  -0.0430508
-0.668874  -0.201331  0.243787
-0.672109  0.328471  -0.0427527
-0.678457  0.446211  -0.166227
-0.0721152  0.693289  0.611216
-0.0613727  0.736808  -0.635953
-0.0688192  0.836665  0.365704
-0.699087  0.472945  -0.0288215
-0.0779748  0.993652  -0.00418472
-0.712943  -0.378338  -0.101821
-0.713919  -0.677847  0.00820571
-0.708853  0.25248  -0.0975459
-0.719779  0.40434  -0.359635
-0.708365  0.0692465  -0.11021
-0.728935  -0.379498  0.0987492
-0.721915  -0.498276  0.159245
-0.736015  -0.158361  0.635163
-0.729545  0.411603  0.11697
-0.729667  0.595325  -0.0529873
-0.756279  -0.560289  0.1289
-0.742424  -0.149144  0.310603
-0.75396  0.391217  -0.0722327
-0.745048  0.487533  -0.306283
-0.750114  0.508652  0.0611471
-0.770623  -0.238929  0.54858
-0.76635  0.295022  0.403166
-0.790826  -0.446699  -0.0794856
-0.794  -0.486435  0.218223
-0.781487  0.424116  0.0640875
-0.793634  0.503708  0.313656
-0.786493  0.562181  -0.122554
-0.79516  0.110996  0.0774509
-0.0969573  -0.337931  -0.503323
-0.081637  -0.473006  0.168
-0.0949431  -0.646901  0.0209902
-0.098056  -0.666189  -0.466121
-0.809565  -0.430219  -0.0869194
-0.813166  0.433638  0.274248
-0.829279  -0.117283  0.468883
-0.856075  0.320658  0.0601102
-0.858638  0.353435  0.215143
-0.87402  0.0531327  0.342448
-0.896908  0.0101016  -0.279546
-0.892209  0.402692  0.0332142
-0.099826  0.938841  -0.200704
-0.0829188  0.973815  -0.189393
-0.913083  -0.212745  0.339363
-0.908139  0.213843  -0.13007
-0.939329  0.206275  -0.0856227
-0.942869  -0.209571  -0.127833
-0.952147  -0.135594  0.0741407
-0.941954  -0.16538  -0.128718
-0.953429  -0.182714  -0.187949
-0.973754  -0.0295724  -0.00997957
-0.106662  -0.541734  0.057073
-0.103244  -0.908078  0.106464
-0.119358  0.448347  0.76955
-0.106113  0.96057  -0.0448857
-0.127171  -0.043672  0.786911
-0.121982  -0.0863979  -0.414704
-0.131626  -0.164098  0.54435
-0.125095  -0.00808741  -0.883293
-0.134312  0.802301  -0.360377
-0.121921  0.898007  0.138552
-0.143406  -0.420087  0.795608
-0.146764  -0.508103  0.282089
-0.140233  -0.60979  -0.679691
-0.147984  -0.614368  0.245535
-0.143162  -0.660512  -0.713737
-0.149083  -0.0150456  0.00226305
-0.148839  0.540696  0.482183
-0.152989  0.581286  0.476459
-0.14243  0.913144  -0.00679566
-0.173559  -0.202002  0.692666
-0.176916  -0.557237  -0.675904
-0.168432  -0.0644246  0.947224
-0.172399  -0.92761  -0.25224
-0.169286  -0.155126  -0.937341
-0.173864  -0.189489  -0.00881813
-0.164098  -0.00381481  -0.948445
-0.16776  0.0550859  0.285941
-0.16068  0.950499  0.056435
-0.166478  0.152135  -0.86631
-0.187475  -0.380657  0.410737
-0.180883  -0.409955  -0.654061
-0.192907  -0.187658  0.0964369
-0.1901  0.26017  0.525437
-0.199866  0.0414747  -0.00534779
-0.190039  0.896176  0.176384
-0.184668  0.927854  0.0453185
-0.197485  0.957091  0.157606
-0.0110172  -0.533555  0.775854
0.00759911  -0.0793176  0.274554
-0.00424207  -0.681631  0.696537
-0.00277718  -0.732902  -0.678834
-0.000396741  -0.740898  0.40434
-0.0194403  0.415754  -0.561457
0.0143742  0.450301  -0.620249
-0.0144353  0.586596  -0.534059
0.000274667  0.651845  0.214566
0.00491348  0.673635  0.725199
0.015595  0.68804  0.66227
0.015595  0.0664388  0.141184
0.0301218  -0.471908  0.793146
0.0397046  -0.792047  0.0708499
0.0384838  -0.0936003  -0.114616
0.0277413  -0.169591  0.37265
0.028901  0.00631733  -0.245109
0.200903  -0.261452  -0.133082
0.211463  -0.302957  0.920683
0.203589  -0.36607  -0.151946
0.218238  -0.500168  0.623873
0.200781  -0.581957  -0.69497
0.205481  -0.83166  0.409473
0.219214  -0.928953  -0.182182
0.208411  -0.0187689  -0.800296
0.236549  -0.381146  -0.811205
0.220801  -0.648305  0.343594
0.239296  0.269082  -0.163681
0.238258  0.565783  -0.687815
0.0280465  0.389447  -0.724006
0.259743  -0.0350658  0.0618778
0.256813  -0.606067  0.254997
0.254494  -0.679128  -0.010821
0.252235  -0.812189  0.0231341
0.258095  0.223609  0.797384
0.253395  0.335551  0.423954
0.0243843  0.446638  -0.152935
0.247536  0.66924  -0.441247
0.258705  0.954222  -0.120777
0.266213  0.393536  -0.593014
0.267067  0.562548  -0.341779
0.0262764  0.72985  0.0744038
0.0385449  0.783502  0.415247
0.293924  -0.207007  -0.579559
0.300943  -0.356182  0.382366
0.306864  -0.508225  0.0279227
0.305887  -0.553575  0.0629514
0.302774  0.683218  0.55218
0.313639  0.193579  -0.572649
0.336711  -0.276101  -0.225858
0.332377  0.642811  -0.491665
0.339518  0.0812708  0.343037
0.355327  -0.855403  0.120776
0.364605  -0.840693  -0.204261
0.368511  -0.886349  -0.103904
0.375225  0.301492  0.334354
0.373089  0.455733  -0.79745
0.379681  0.527451  0.422726
0.371624  0.702689  -0.421271
0.36314  0.924619  0.0179547
0.384625  -0.354167  0.25726
0.395123  -0.396405  -0.14317
0.382  -0.415326  0.727468
0.395184  -0.700613  -0.174334
0.393231  -0.802545  0.0738971
0.0347606  0.180029  0.205058
0.390851  0.232093  0.347918
0.397015  0.291055  -0.492161
0.39079  0.0699179  0.272402
0.385296  0.175817  -0.0857314
0.0518509  -0.0207221  -0.0678587
0.040315  -0.386151  0.855181
0.0470901  -0.863216  -0.193724
0.405255  -0.634449  0.383011
0.401593  0.523728  -0.486971
0.41142  0.540757  -0.0816615
0.405866  0.665883  0.552445
0.409284  0.843501  -0.0854234
0.429304  -0.210913  -0.628456
0.438032  -0.228431  0.833631
0.43321  -0.300638  0.374829
0.432173  -0.050325  0.801463
0.427717  -0.623585  -0.301373
0.434065  -0.647389  0.162417
0.426496  -0.886959  -0.144719
0.426801  -0.147557  -0.136447
0.0423902  0.236366  0.346115
0.429853  0.274575  0.644728
0.435469  0.324503  0.514028
0.420698  0.732902  -0.0303337
0.0582598  0.326273  0.592139
0.0508744  0.348735  -0.768875
0.430647  0.171728  -0.727684
0.427229  0.19303  -0.860924
0.438093  0.187414  0.157901
0.445235  -0.291604  -0.553868
0.449202  -0.281289  -0.174557
0.457381  -0.0686361  0.480365
0.442671  -0.081698  -0.795721
0.45085  -0.0973846  -0.173761
0.451765  -0.84228  0.150328
0.448408  -0.116245  0.041192
0.451216  -0.129917  0.354947
0.447676  0.352519  -0.76289
0.458785  0.342631  0.712294
0.0474563  0.5609  0.500171
0.46263  -0.203589  -0.141593
0.467635  -0.619617  0.429193
0.474044  -0.674062  0.352189
0.461287  0.442183  0.623056
0.462569  0.875912  0.00500159
0.0550249  0.700491  0.0799765
0.49266  -0.4326  -0.219401
0.480209  0.0159001  0.221534
0.49028  0.286905  -0.190407
0.488693  0.421247  0.414363
0.493515  0.521653  0.576273
0.492904  0.734855  -0.392932
0.483077  0.0995209  -0.336976
0.0528275  0.934874  -0.137928
0.0531938  0.997986  -0.0269538
0.501083  -0.528367  -0.167313
0.510666  -0.593554  -0.588955
0.510117  0.270608  0.783786
0.51793  0.838252  -0.0768239
0.530931  -0.279031  -0.481776
0.527696  -0.348125  -0.480849
0.536546  -0.394024  -0.496357
0.52794  -0.0633869  0.656993
0.529893  -0.766411  -0.222799
0.539842  0.0149236  -0.197803
0.537156  0.340861  0.274573
0.533921  0.148534  0.449509
0.541368  -0.202307  -0.734094
0.543199  -0.350139  -0.546895
0.541734  -0.526719  0.0011395
0.550645  -0.654653  -0.040225
0.557421  0.0746788  0.243893
0.542344  0.719413  0.100848
0.576586  -0.208167  -0.769529
0.579455  -0.392682  0.368406
0.576525  -0.661367  0.0525535
0.567248  -0.104038  0.096911
0.570299  0.712882  -0.0648535
0.576281  0.760735  -0.0559137
0.595569  -0.238014  0.134378
0.599475  -0.607044  -0.346568
0.58507  -0.117954  0.00849692
0.596057  0.479537  0.178954
0.590808  0.536668  -0.154567
0.597522  0.550035  0.462379
0.587512  0.685354  0.222317
0.590442  0.693045  0.326962
0.593799  0.781976  0.0713086
0.588244  0.787042  0.104109
0.0690023  -0.29252  -0.752284
0.0794397  -0.569689  -0.259506
0.0788293  -0.659047  0.11726
0.0640584  -0.754875  -0.254802
0.615223  -0.0659505  0.188468
0.61858  -0.181677  -0.0293715
0.612415  0.616504  -0.37723
0.631886  0.302652  -0.396429
0.627674  0.629872  -0.0694868
0.626576  0.0946379  -0.365348
0.0752892  0.322916  0.678023
0.648122  -0.208655  -0.175348
0.657643  -0.221534  0.614193
0.648915  -0.643727  -0.209338
0.0771203  0.0505081  0.389672
0.659902  0.0593585  0.0442769
0.662587  -0.308451  0.213982
0.677541  0.283731  -0.0140196
0.674368  0.376507  0.0831817
0.673635  0.637745  0.26865
0.663991  0.717032  -0.157095
0.670522  0.106174  0.134248
0.679678  0.149022  -0.259628
0.691763  -0.436384  -0.436217
0.717215  -0.312479  -0.556066
0.70513  0.310038  -0.302534
0.706046  0.408246  -0.438432
0.713919  0.690786  -0.0375586
0.713431  0.170751  -0.124671
0.727714  -0.411298  -0.0938889
0.739555  -0.495712  -0.119103
0.720389  -0.544298  -0.409998
0.722404  0.2949  -0.240214
0.735832  0.524033  -0.28145
0.740715  0.525193  -0.0384206
0.078341  0.191992  -0.84523
0.784967  0.510422  -0.121296
0.784417  0.525437  -0.210332
0.785028  0.138096  -0.276679
0.0821253  -0.212256  -0.268974
0.0929899  -0.276894  -0.665098
0.0887173  -0.284829  0.755572
0.811701  -0.205054  -0.388136
0.803766  -0.553575  -0.169336
0.813044  0.522629  0.198519
0.819941  0.137608  0.28386
0.828181  -0.331156  -0.438364
0.837642  -0.135655  -0.235771
0.837092  0.292276  -0.0849462
0.835322  0.431745  -0.0259357
0.822687  0.566759  0.0140537
0.85406  0.205298  0.430804
0.852229  0.4785  -0.0311346
0.879696  -0.295755  -0.168318
0.871883  -0.132847  -0.381704
0.875973  0.180395  0.344226
0.889706  -0.308267  -0.0612807
0.892636  -0.0393384  0.120642
0.897885  0.188452  -0.087604
0.903134  -0.032136  -0.000587998
0.90228  -0.0312815  0.24899
0.911985  0.237159  0.135996
0.917356  0.282083  0.0846971
0.914609  0.0438551  -0.166917
0.931822  -0.0362255  0.342193
0.922361  -0.333659  0.033917
0.920042  -0.140538  0.189433
0.923948  0.329264  -0.164961
0.937498  0.186316  -0.204806
0.953429  -0.152989  -0.0737683
0.945616  0.0136418  0.0208784
0.948912  0.196753  -0.0733503
0.966185  -0.135533  0.144753
0.978088  -0.157872  0.114657
0.984375  -0.0623493  0.106642
0.989319  -0.132054  -0.0355631
0.981689  -0.0168157  -0.170684
0.115146  -0.745109  0.647905
0.117222  -0.00827052  -0.896695
0.111606  -0.0183416  0.92566
0.103183  0.382611  0.713416
0.103366  0.412091  0.0756709
0.102329  0.46086  -0.523519
0.104343  0.97467  -0.0107762
0.133152  -0.232948  0.111747
0.137364  -0.330058  0.149377
0.139195  -0.589282  0.509005
0.126682  -0.898129  -0.14546
0.137242  -0.899289  0.287695
0.123936  0.383526  0.0630376
0.120762  0.608631  -0.52248
0.13773  0.183203  -0.012031
0.155492  -0.217566  -0.441311
0.154088  -0.356975  0.831398
0.154698  -0.436079  0.508445
0.154332  -0.512864  0.499495
0.152379  -0.786493  -0.0468876
0.150609  -0.812677  -0.0644396
0.157018  -0.82812  -0.462437
0.148839  0.210181  0.63711
0.140477  0.0502029  0.274943
0.156713  0.456709  -0.661154
0.143101  0.60448  0.657719
0.149327  0.851985  0.227103
0.16538  -0.466231  0.392349
0.170568  -0.583728  -0.518327
0.168615  -0.697256  -0.086347
0.161779  -0.903623  0.221123
0.196387  0.582629  0.632209
0.180273  0.152867  0.302202
