0.491516 0.090228 -0.496521 0.453246 0.280328 -0.493988 0.128224 0.349971 -0.499939
0.453246 0.280328 -0.493988 0.252159 0.496948 -0.492737 0.128224 0.349971 -0.499939
0.380276 -0.491424 0.497864 0.494568 -0.473754 0.448698 0.466613 -0.495422 0.442381
-0.493439 0.0468612 -0.495331 -0.498688 0.335444 -0.498749 -0.499145 -0.191092 -0.490234
-0.498688 0.335444 -0.498749 -0.49939 0.417905 -0.124409 -0.499145 0.282159 -0.439604
-0.499145 -0.191092 -0.490234 -0.498688 0.335444 -0.498749 -0.499145 0.282159 -0.439604
-0.494629 -0.49939 -0.453093 -0.499145 -0.191092 -0.490234 -0.498901 -0.447356 -0.315668
-0.499145 -0.191092 -0.490234 -0.499664 -0.349818 -0.147572 -0.498901 -0.447356 -0.315668
-0.360591 -0.499023 0.362209 -0.494629 -0.49939 -0.453093 -0.495025 -0.499054 -0.245384
-0.494629 -0.49939 -0.453093 -0.498901 -0.447356 -0.315668 -0.495025 -0.499054 -0.245384
-0.498901 -0.447356 -0.315668 -0.497925 -0.462523 0.28695 -0.495025 -0.499054 -0.245384
-0.498688 0.335444 -0.498749 -0.493439 0.0468612 -0.495331 -0.456694 -0.432096 -0.495209
-0.494629 -0.49939 -0.453093 -0.462004 -0.485931 -0.481109 -0.456694 -0.432096 -0.495209
-0.499145 -0.191092 -0.490234 -0.494629 -0.49939 -0.453093 -0.456694 -0.432096 -0.495209
-0.493439 0.0468612 -0.495331 -0.499145 -0.191092 -0.490234 -0.456694 -0.432096 -0.495209
0.44702 0.486511 0.467162 0.443297 0.313044 0.49942 0.274895 0.452239 0.48999
0.491516 0.090228 -0.496521 0.499115 -0.0250099 -0.478973 0.483825 0.441923 -0.486267
0.499115 -0.0250099 -0.478973 0.498413 0.450957 -0.405911 0.483825 0.441923 -0.486267
0.453246 0.280328 -0.493988 0.491516 0.090228 -0.496521 0.483825 0.441923 -0.486267
0.252159 0.496948 -0.492737 0.453246 0.280328 -0.493988 0.483825 0.441923 -0.486267
0.499115 -0.0250099 -0.478973 0.499969 -0.490631 -0.3493 0.499969 0.275353 -0.223441
0.498413 0.450957 -0.405911 0.499115 -0.0250099 -0.478973 0.499969 0.275353 -0.223441
0.499969 -0.490631 -0.3493 0.5 -0.27871 0.13625 0.499969 0.275353 -0.223441
0.499268 0.276971 0.436338 0.496338 0.468657 0.257775 0.499329 0.352199 0.00968963
0.496338 0.468657 0.257775 0.498413 0.450957 -0.405911 0.499329 0.352199 0.00968963
0.498413 0.450957 -0.405911 0.499969 0.275353 -0.223441 0.499329 0.352199 0.00968963
0.499969 0.275353 -0.223441 0.499268 0.276971 0.436338 0.499329 0.352199 0.00968963
0.499268 0.276971 0.436338 0.498535 -0.037431 0.468413 0.495422 -0.109241 0.497467
0.491516 0.0721 0.498871 0.499268 0.276971 0.436338 0.495422 -0.109241 0.497467
0.494568 -0.473754 0.448698 0.380276 -0.491424 0.497864 0.457488 -0.456694 0.488495
0.274895 0.452239 0.48999 0.443297 0.313044 0.49942 0.021073 0.490539 0.49411
-0.360591 -0.499023 0.362209 -0.441465 -0.492462 0.444212 -0.28927 -0.494903 0.49826
-0.497925 -0.462523 0.28695 -0.489044 -0.428495 0.495911 -0.491638 -0.471709 0.303186
-0.489044 -0.428495 0.495911 -0.441465 -0.492462 0.444212 -0.491638 -0.471709 0.303186
-0.495025 -0.499054 -0.245384 -0.497925 -0.462523 0.28695 -0.491638 -0.471709 0.303186
-0.28927 -0.494903 0.49826 -0.489044 -0.428495 0.495911 -0.397885 -0.11156 0.499145
0.5 -0.27871 0.13625 0.499969 -0.490631 -0.3493 0.498779 -0.377895 0.409726
0.494568 -0.473754 0.448698 0.498779 -0.377895 0.409726 0.497406 -0.481292 0.183584
0.466613 -0.495422 0.442381 0.494568 -0.473754 0.448698 0.487487 -0.486328 0.289911
0.494568 -0.473754 0.448698 0.497406 -0.481292 0.183584 0.487487 -0.486328 0.289911
0.430235 0.495087 -0.30633 0.471587 0.498199 0.184774 0.447172 0.499969 0.0235755
-0.456786 0.452116 0.489502 -0.279412 0.499451 0.493133 -0.412717 0.431974 0.49411
-0.451109 0.388211 0.495239 -0.456786 0.452116 0.489502 -0.412717 0.431974 0.49411
-0.279412 0.499451 0.493133 0.169332 0.499786 0.388089 0.433866 0.487365 0.468078
0.021073 0.490539 0.49411 -0.279412 0.499451 0.493133 0.433866 0.487365 0.468078
0.44702 0.486511 0.467162 0.274895 0.452239 0.48999 0.433866 0.487365 0.468078
0.274895 0.452239 0.48999 0.021073 0.490539 0.49411 0.433866 0.487365 0.468078
0.280877 -0.275567 -0.499573 -0.456694 -0.432096 -0.495209 0.301965 -0.443022 -0.495941
0.280877 -0.275567 -0.499573 0.301965 -0.443022 -0.495941 0.384762 -0.221061 -0.499054
-0.462004 -0.485931 -0.481109 -0.494629 -0.49939 -0.453093 0.401303 -0.493286 -0.461974
-0.494629 -0.49939 -0.453093 0.253685 -0.498505 -0.443754 0.401303 -0.493286 -0.461974
0.301965 -0.443022 -0.495941 0.0551012 -0.48236 -0.479186 0.401303 -0.493286 -0.461974
0.486541 -0.492859 -0.449614 0.301965 -0.443022 -0.495941 0.401303 -0.493286 -0.461974
-0.498688 0.335444 -0.498749 -0.456694 -0.432096 -0.495209 -0.259148 -0.259331 -0.498993
-0.456694 -0.432096 -0.495209 0.280877 -0.275567 -0.499573 -0.259148 -0.259331 -0.498993
0.128224 0.349971 -0.499939 -0.498688 0.335444 -0.498749 -0.224693 0.191794 -0.499603
0.491516 0.090228 -0.496521 0.128224 0.349971 -0.499939 0.320551 0.0924253 -0.499573
0.384762 -0.221061 -0.499054 0.491516 0.090228 -0.496521 0.320551 0.0924253 -0.499573
0.128224 0.349971 -0.499939 0.280877 -0.275567 -0.499573 0.320551 0.0924253 -0.499573
0.280877 -0.275567 -0.499573 0.384762 -0.221061 -0.499054 0.320551 0.0924253 -0.499573
0.499969 -0.490631 -0.3493 0.499115 -0.0250099 -0.478973 0.498383 -0.491699 -0.40878
0.253685 -0.498505 -0.443754 -0.494629 -0.49939 -0.453093 0.476623 -0.49884 -0.438231
0.486541 -0.492859 -0.449614 0.401303 -0.493286 -0.461974 0.476623 -0.49884 -0.438231
0.401303 -0.493286 -0.461974 0.253685 -0.498505 -0.443754 0.476623 -0.49884 -0.438231
0.498383 -0.491699 -0.40878 0.486541 -0.492859 -0.449614 0.476623 -0.49884 -0.438231
0.499115 -0.0250099 -0.478973 0.491516 0.090228 -0.496521 0.49588 -0.270989 -0.479125
0.498383 -0.491699 -0.40878 0.499115 -0.0250099 -0.478973 0.49588 -0.270989 -0.479125
0.49588 -0.270989 -0.479125 0.491516 0.090228 -0.496521 0.468871 -0.386074 -0.481903
0.486541 -0.492859 -0.449614 0.49588 -0.270989 -0.479125 0.468871 -0.386074 -0.481903
0.301965 -0.443022 -0.495941 0.486541 -0.492859 -0.449614 0.447081 -0.452025 -0.471129
0.486541 -0.492859 -0.449614 0.468871 -0.386074 -0.481903 0.447081 -0.452025 -0.471129
0.468871 -0.386074 -0.481903 0.301965 -0.443022 -0.495941 0.447081 -0.452025 -0.471129
0.380276 -0.491424 0.497864 0.466613 -0.495422 0.442381 0.380856 -0.499969 0.464171
0.466613 -0.495422 0.442381 0.487487 -0.486328 0.289911 0.476196 -0.498962 0.086993
0.497406 -0.481292 0.183584 0.499969 -0.490631 -0.3493 0.476196 -0.498962 0.086993
0.487487 -0.486328 0.289911 0.497406 -0.481292 0.183584 0.476196 -0.498962 0.086993
0.499969 -0.490631 -0.3493 0.498383 -0.491699 -0.40878 0.476196 -0.498962 0.086993
0.498383 -0.491699 -0.40878 0.476623 -0.49884 -0.438231 0.476196 -0.498962 0.086993
0.476623 -0.49884 -0.438231 0.380856 -0.499969 0.464171 0.476196 -0.498962 0.086993
0.380856 -0.499969 0.464171 0.466613 -0.495422 0.442381 0.476196 -0.498962 0.086993
-0.499145 0.282159 -0.439604 -0.49939 0.417905 -0.124409 -0.499664 -0.122639 -0.212302
-0.499664 -0.349818 -0.147572 -0.499145 -0.191092 -0.490234 -0.499664 -0.122639 -0.212302
-0.499145 -0.191092 -0.490234 -0.499145 0.282159 -0.439604 -0.499664 -0.122639 -0.212302
-0.28927 -0.494903 0.49826 0.380276 -0.491424 0.497864 0.183493 -0.498901 0.495178
0.380276 -0.491424 0.497864 0.380856 -0.499969 0.464171 0.183493 -0.498901 0.495178
-0.360591 -0.499023 0.362209 -0.28927 -0.494903 0.49826 0.183493 -0.498901 0.495178
0.380856 -0.499969 0.464171 -0.360591 -0.499023 0.362209 0.183493 -0.498901 0.495178
-0.497925 -0.462523 0.28695 -0.498901 -0.447356 -0.315668 -0.499573 -0.318018 0.350826
-0.498901 -0.447356 -0.315668 -0.499664 -0.349818 -0.147572 -0.499573 -0.318018 0.350826
-0.495025 -0.499054 -0.245384 -0.491638 -0.471709 0.303186 -0.491394 -0.481658 0.128559
-0.441465 -0.492462 0.444212 -0.360591 -0.499023 0.362209 -0.449217 -0.497559 0.29809
-0.360591 -0.499023 0.362209 -0.495025 -0.499054 -0.245384 -0.449217 -0.497559 0.29809
-0.495025 -0.499054 -0.245384 -0.491394 -0.481658 0.128559 -0.449217 -0.497559 0.29809
-0.491638 -0.471709 0.303186 -0.441465 -0.492462 0.444212 -0.449217 -0.497559 0.29809
-0.491394 -0.481658 0.128559 -0.491638 -0.471709 0.303186 -0.449217 -0.497559 0.29809
-0.499664 -0.122639 -0.212302 -0.49939 0.417905 -0.124409 -0.499695 0.135945 0.108112
-0.499664 -0.349818 -0.147572 -0.499664 -0.122639 -0.212302 -0.499695 0.135945 0.108112
-0.499573 -0.318018 0.350826 -0.499664 -0.349818 -0.147572 -0.499695 0.135945 0.108112
-0.489044 -0.428495 0.495911 -0.497925 -0.462523 0.28695 -0.498932 -0.326655 0.419889
-0.497925 -0.462523 0.28695 -0.499573 -0.318018 0.350826 -0.498932 -0.326655 0.419889
-0.499573 -0.318018 0.350826 -0.499451 -0.264397 0.421171 -0.498932 -0.326655 0.419889
-0.49939 0.417905 -0.124409 -0.496277 0.495758 0.161367 -0.499359 0.174642 0.375423
-0.499695 0.135945 0.108112 -0.49939 0.417905 -0.124409 -0.499359 0.174642 0.375423
-0.499451 -0.264397 0.421171 -0.499573 -0.318018 0.350826 -0.499359 0.174642 0.375423
-0.499573 -0.318018 0.350826 -0.499695 0.135945 0.108112 -0.499359 0.174642 0.375423
-0.279412 0.499451 0.493133 -0.456786 0.452116 0.489502 -0.477477 0.495911 0.398312
-0.48468 0.491333 0.391629 -0.496277 0.495758 0.161367 -0.477477 0.495911 0.398312
-0.496277 0.495758 0.161367 -0.426298 0.498718 0.106037 -0.477477 0.495911 0.398312
-0.426298 0.498718 0.106037 -0.279412 0.499451 0.493133 -0.477477 0.495911 0.398312
0.169332 0.499786 0.388089 -0.279412 0.499451 0.493133 -0.348903 0.499756 0.0107883
-0.279412 0.499451 0.493133 -0.426298 0.498718 0.106037 -0.348903 0.499756 0.0107883
0.447172 0.499969 0.0235755 0.169332 0.499786 0.388089 -0.348903 0.499756 0.0107883
-0.280175 0.499512 -0.323023 0.447172 0.499969 0.0235755 -0.348903 0.499756 0.0107883
0.327601 0.496521 -0.447966 0.430235 0.495087 -0.30633 0.415738 0.497101 -0.258263
0.430235 0.495087 -0.30633 0.447172 0.499969 0.0235755 0.415738 0.497101 -0.258263
0.447172 0.499969 0.0235755 0.395505 0.498749 -0.19866 0.415738 0.497101 -0.258263
0.433866 0.487365 0.468078 0.169332 0.499786 0.388089 0.463195 0.496277 0.359523
0.44702 0.486511 0.467162 0.433866 0.487365 0.468078 0.463195 0.496277 0.359523
0.471587 0.498199 0.184774 0.496338 0.468657 0.257775 0.463195 0.496277 0.359523
0.169332 0.499786 0.388089 0.447172 0.499969 0.0235755 0.39758 0.497681 0.34695
0.447172 0.499969 0.0235755 0.471587 0.498199 0.184774 0.39758 0.497681 0.34695
0.471587 0.498199 0.184774 0.463195 0.496277 0.359523 0.39758 0.497681 0.34695
0.463195 0.496277 0.359523 0.169332 0.499786 0.388089 0.39758 0.497681 0.34695
0.395505 0.498749 -0.19866 0.447172 0.499969 0.0235755 0.382565 0.499268 -0.170888
0.327601 0.496521 -0.447966 0.415738 0.497101 -0.258263 0.340205 0.497223 -0.394131
0.415738 0.497101 -0.258263 0.395505 0.498749 -0.19866 0.340205 0.497223 -0.394131
0.252159 0.496948 -0.492737 0.327601 0.496521 -0.447966 0.340205 0.497223 -0.394131
0.395505 0.498749 -0.19866 0.382565 0.499268 -0.170888 0.340205 0.497223 -0.394131
0.471587 0.498199 0.184774 0.430235 0.495087 -0.30633 0.479217 0.477874 -0.402188
0.498413 0.450957 -0.405911 0.496338 0.468657 0.257775 0.479217 0.477874 -0.402188
0.496338 0.468657 0.257775 0.471587 0.498199 0.184774 0.479217 0.477874 -0.402188
0.327601 0.496521 -0.447966 0.252159 0.496948 -0.492737 0.479217 0.477874 -0.402188
0.252159 0.496948 -0.492737 0.483825 0.441923 -0.486267 0.479217 0.477874 -0.402188
0.483825 0.441923 -0.486267 0.498413 0.450957 -0.405911 0.479217 0.477874 -0.402188
0.430235 0.495087 -0.30633 0.327601 0.496521 -0.447966 0.479217 0.477874 -0.402188
0.447172 0.499969 0.0235755 -0.280175 0.499512 -0.323023 0.209983 0.499084 -0.359127
0.382565 0.499268 -0.170888 0.447172 0.499969 0.0235755 0.209983 0.499084 -0.359127
0.252159 0.496948 -0.492737 0.340205 0.497223 -0.394131 0.209983 0.499084 -0.359127
0.340205 0.497223 -0.394131 0.382565 0.499268 -0.170888 0.209983 0.499084 -0.359127
-0.280175 0.499512 -0.323023 -0.465117 0.496979 -0.311365 -0.18218 0.498474 -0.444334
-0.465117 0.496979 -0.311365 -0.444395 0.494537 -0.417539 -0.18218 0.498474 -0.444334
-0.498688 0.335444 -0.498749 -0.279351 0.48114 -0.491302 -0.474975 0.431761 -0.464812
-0.279351 0.48114 -0.491302 -0.444395 0.494537 -0.417539 -0.474975 0.431761 -0.464812
-0.491791 0.466124 -0.407224 -0.498688 0.335444 -0.498749 -0.474975 0.431761 -0.464812
-0.444395 0.494537 -0.417539 -0.491791 0.466124 -0.407224 -0.474975 0.431761 -0.464812
0.499969 0.275353 -0.223441 0.5 -0.27871 0.13625 0.499695 -0.100482 0.44937
0.498535 -0.037431 0.468413 0.499268 0.276971 0.436338 0.499695 -0.100482 0.44937
0.5 -0.27871 0.13625 0.498779 -0.377895 0.409726 0.499695 -0.100482 0.44937
0.443297 0.313044 0.49942 0.44702 0.486511 0.467162 0.465423 0.302423 0.487732
0.491516 0.0721 0.498871 0.443297 0.313044 0.49942 0.465423 0.302423 0.487732
0.499268 0.276971 0.436338 0.491516 0.0721 0.498871 0.465423 0.302423 0.487732
0.455748 0.481964 0.459807 0.499268 0.276971 0.436338 0.465423 0.302423 0.487732
0.44702 0.486511 0.467162 0.455748 0.481964 0.459807 0.465423 0.302423 0.487732
0.491516 0.0721 0.498871 0.495422 -0.109241 0.497467 0.487671 -0.244224 0.498749
0.457488 -0.456694 0.488495 0.380276 -0.491424 0.497864 0.487671 -0.244224 0.498749
0.495422 -0.109241 0.497467 0.494568 -0.473754 0.448698 0.487671 -0.244224 0.498749
0.494568 -0.473754 0.448698 0.457488 -0.456694 0.488495 0.487671 -0.244224 0.498749
0.443297 0.313044 0.49942 0.491516 0.0721 0.498871 0.487671 -0.244224 0.498749
0.283319 -0.248772 0.49939 0.443297 0.313044 0.49942 0.487671 -0.244224 0.498749
0.443297 0.313044 0.49942 -0.0859859 0.368374 0.498077 -0.081225 0.490905 0.496155
0.021073 0.490539 0.49411 0.443297 0.313044 0.49942 -0.081225 0.490905 0.496155
-0.279412 0.499451 0.493133 0.021073 0.490539 0.49411 -0.081225 0.490905 0.496155
-0.451109 0.388211 0.495239 -0.412717 0.431974 0.49411 -0.081225 0.490905 0.496155
-0.412717 0.431974 0.49411 -0.279412 0.499451 0.493133 -0.081225 0.490905 0.496155
-0.441465 -0.492462 0.444212 -0.489044 -0.428495 0.495911 -0.428526 -0.464782 0.490295
-0.489044 -0.428495 0.495911 -0.28927 -0.494903 0.49826 -0.428526 -0.464782 0.490295
-0.456786 0.452116 0.489502 -0.451109 0.388211 0.495239 -0.47705 0.188833 0.499145
-0.489044 -0.428495 0.495911 -0.494507 0.0564135 0.486511 -0.47705 0.188833 0.499145
-0.397885 -0.11156 0.499145 -0.489044 -0.428495 0.495911 -0.47705 0.188833 0.499145
-0.0859859 0.368374 0.498077 0.443297 0.313044 0.49942 -0.47705 0.188833 0.499145
-0.494507 0.0564135 0.486511 -0.486633 0.407895 0.47232 -0.47705 0.188833 0.499145
-0.486633 0.407895 0.47232 -0.456786 0.452116 0.489502 -0.47705 0.188833 0.499145
-0.451109 0.388211 0.495239 -0.081225 0.490905 0.496155 -0.47705 0.188833 0.499145
-0.081225 0.490905 0.496155 -0.0859859 0.368374 0.498077 -0.47705 0.188833 0.499145
0.380276 -0.491424 0.497864 -0.28927 -0.494903 0.49826 -0.0548265 -0.378079 0.499908
-0.28927 -0.494903 0.49826 -0.397885 -0.11156 0.499145 -0.0548265 -0.378079 0.499908
0.283319 -0.248772 0.49939 0.487671 -0.244224 0.498749 -0.0548265 -0.378079 0.499908
0.487671 -0.244224 0.498749 0.380276 -0.491424 0.497864 -0.0548265 -0.378079 0.499908
0.443297 0.313044 0.49942 0.283319 -0.248772 0.49939 -0.0548265 -0.378079 0.499908
-0.499451 -0.264397 0.421171 -0.494507 0.0564135 0.486511 -0.49527 -0.215354 0.478423
-0.494507 0.0564135 0.486511 -0.489044 -0.428495 0.495911 -0.49527 -0.215354 0.478423
-0.489044 -0.428495 0.495911 -0.498932 -0.326655 0.419889 -0.49527 -0.215354 0.478423
-0.498932 -0.326655 0.419889 -0.499451 -0.264397 0.421171 -0.49527 -0.215354 0.478423
-0.496277 0.495758 0.161367 -0.48468 0.491333 0.391629 -0.491455 0.47116 0.421659
-0.494507 0.0564135 0.486511 -0.495361 0.155721 0.451872 -0.491455 0.47116 0.421659
-0.495361 0.155721 0.451872 -0.49414 0.350398 0.417051 -0.491455 0.47116 0.421659
-0.49414 0.350398 0.417051 -0.499359 0.174642 0.375423 -0.491455 0.47116 0.421659
-0.499359 0.174642 0.375423 -0.496277 0.495758 0.161367 -0.491455 0.47116 0.421659
-0.456786 0.452116 0.489502 -0.486633 0.407895 0.47232 -0.491455 0.47116 0.421659
-0.486633 0.407895 0.47232 -0.494507 0.0564135 0.486511 -0.491455 0.47116 0.421659
-0.48468 0.491333 0.391629 -0.477477 0.495911 0.398312 -0.491455 0.47116 0.421659
-0.477477 0.495911 0.398312 -0.456786 0.452116 0.489502 -0.491455 0.47116 0.421659
-0.397885 -0.11156 0.499145 -0.47705 0.188833 0.499145 -0.191031 0.000595111 0.499969
-0.0548265 -0.378079 0.499908 -0.397885 -0.11156 0.499145 -0.191031 0.000595111 0.499969
-0.47705 0.188833 0.499145 0.443297 0.313044 0.49942 -0.191031 0.000595111 0.499969
0.443297 0.313044 0.49942 -0.0548265 -0.378079 0.499908 -0.191031 0.000595111 0.499969
-0.49414 0.350398 0.417051 -0.495361 0.155721 0.451872 -0.496887 0.0627613 0.453276
-0.499359 0.174642 0.375423 -0.49414 0.350398 0.417051 -0.496887 0.0627613 0.453276
-0.494507 0.0564135 0.486511 -0.499451 -0.264397 0.421171 -0.496887 0.0627613 0.453276
-0.499451 -0.264397 0.421171 -0.499359 0.174642 0.375423 -0.496887 0.0627613 0.453276
-0.495361 0.155721 0.451872 -0.494507 0.0564135 0.486511 -0.496887 0.0627613 0.453276
0.494568 -0.473754 0.448698 0.495422 -0.109241 0.497467 0.499237 -0.194723 0.448729
0.498779 -0.377895 0.409726 0.494568 -0.473754 0.448698 0.499237 -0.194723 0.448729
0.499695 -0.100482 0.44937 0.498779 -0.377895 0.409726 0.499237 -0.194723 0.448729
0.495422 -0.109241 0.497467 0.498535 -0.037431 0.468413 0.499237 -0.194723 0.448729
0.498535 -0.037431 0.468413 0.499695 -0.100482 0.44937 0.499237 -0.194723 0.448729
0.498779 -0.377895 0.409726 0.499969 -0.490631 -0.3493 0.499573 -0.478118 -0.184042
0.499969 -0.490631 -0.3493 0.497406 -0.481292 0.183584 0.499573 -0.478118 -0.184042
0.497406 -0.481292 0.183584 0.498779 -0.377895 0.409726 0.499573 -0.478118 -0.184042
0.0551012 -0.48236 -0.479186 0.301965 -0.443022 -0.495941 -0.367458 -0.484405 -0.482971
-0.456694 -0.432096 -0.495209 -0.462004 -0.485931 -0.481109 -0.367458 -0.484405 -0.482971
-0.462004 -0.485931 -0.481109 0.401303 -0.493286 -0.461974 -0.367458 -0.484405 -0.482971
0.401303 -0.493286 -0.461974 0.0551012 -0.48236 -0.479186 -0.367458 -0.484405 -0.482971
-0.498688 0.335444 -0.498749 -0.259148 -0.259331 -0.498993 -0.288873 0.0970336 -0.499542
0.128224 0.349971 -0.499939 -0.224693 0.191794 -0.499603 -0.288873 0.0970336 -0.499542
-0.224693 0.191794 -0.499603 -0.498688 0.335444 -0.498749 -0.288873 0.0970336 -0.499542
0.384762 -0.221061 -0.499054 0.301965 -0.443022 -0.495941 0.370876 -0.365413 -0.496033
0.301965 -0.443022 -0.495941 0.468871 -0.386074 -0.481903 0.370876 -0.365413 -0.496033
-0.367458 -0.484405 -0.482971 0.301965 -0.443022 -0.495941 -0.0244911 -0.45529 -0.492676
0.301965 -0.443022 -0.495941 -0.456694 -0.432096 -0.495209 -0.228416 -0.458739 -0.491516
-0.0244911 -0.45529 -0.492676 0.301965 -0.443022 -0.495941 -0.228416 -0.458739 -0.491516
-0.456694 -0.432096 -0.495209 -0.367458 -0.484405 -0.482971 -0.228416 -0.458739 -0.491516
-0.367458 -0.484405 -0.482971 -0.0244911 -0.45529 -0.492676 -0.228416 -0.458739 -0.491516
0.468871 -0.386074 -0.481903 0.491516 0.090228 -0.496521 0.4429 -0.216575 -0.493255
0.370876 -0.365413 -0.496033 0.468871 -0.386074 -0.481903 0.4429 -0.216575 -0.493255
0.491516 0.090228 -0.496521 0.384762 -0.221061 -0.499054 0.400998 -0.200095 -0.498535
0.4429 -0.216575 -0.493255 0.491516 0.090228 -0.496521 0.400998 -0.200095 -0.498535
0.384762 -0.221061 -0.499054 0.370876 -0.365413 -0.496033 0.400998 -0.200095 -0.498535
0.370876 -0.365413 -0.496033 0.4429 -0.216575 -0.493255 0.400998 -0.200095 -0.498535
0.496338 0.468657 0.257775 0.499268 0.276971 0.436338 0.473113 0.417753 0.436674
0.499268 0.276971 0.436338 0.455748 0.481964 0.459807 0.473113 0.417753 0.436674
0.455748 0.481964 0.459807 0.496338 0.468657 0.257775 0.473113 0.417753 0.436674
0.455748 0.481964 0.459807 0.44702 0.486511 0.467162 0.45587 0.486084 0.446226
0.44702 0.486511 0.467162 0.463195 0.496277 0.359523 0.45587 0.486084 0.446226
0.496338 0.468657 0.257775 0.455748 0.481964 0.459807 0.45587 0.486084 0.446226
0.463195 0.496277 0.359523 0.496338 0.468657 0.257775 0.45587 0.486084 0.446226
-0.498688 0.335444 -0.498749 0.128224 0.349971 -0.499939 -0.0893429 0.404019 -0.499298
-0.0603809 0.44763 -0.49826 -0.498688 0.335444 -0.498749 -0.0893429 0.404019 -0.499298
0.128224 0.349971 -0.499939 0.252159 0.496948 -0.492737 0.0211951 0.419309 -0.499115
0.252159 0.496948 -0.492737 -0.0603809 0.44763 -0.49826 0.0211951 0.419309 -0.499115
-0.0603809 0.44763 -0.49826 -0.0893429 0.404019 -0.499298 0.0211951 0.419309 -0.499115
-0.0893429 0.404019 -0.499298 0.128224 0.349971 -0.499939 0.0211951 0.419309 -0.499115
-0.279351 0.48114 -0.491302 -0.0603809 0.44763 -0.49826 -0.138478 0.496735 -0.490844
-0.0603809 0.44763 -0.49826 0.252159 0.496948 -0.492737 -0.138478 0.496735 -0.490844
-0.18218 0.498474 -0.444334 -0.444395 0.494537 -0.417539 -0.138478 0.496735 -0.490844
0.252159 0.496948 -0.492737 -0.18218 0.498474 -0.444334 -0.138478 0.496735 -0.490844
-0.279351 0.48114 -0.491302 -0.498688 0.335444 -0.498749 -0.209159 0.444212 -0.496246
-0.498688 0.335444 -0.498749 -0.0603809 0.44763 -0.49826 -0.209159 0.444212 -0.496246
-0.0603809 0.44763 -0.49826 -0.279351 0.48114 -0.491302 -0.209159 0.444212 -0.496246
0.486541 -0.492859 -0.449614 0.498383 -0.491699 -0.40878 0.491546 -0.475829 -0.438383
0.498383 -0.491699 -0.40878 0.49588 -0.270989 -0.479125 0.491546 -0.475829 -0.438383
0.49588 -0.270989 -0.479125 0.486541 -0.492859 -0.449614 0.491546 -0.475829 -0.438383
-0.494629 -0.49939 -0.453093 -0.360591 -0.499023 0.362209 -0.247887 -0.499969 0.0920896
-0.360591 -0.499023 0.362209 0.380856 -0.499969 0.464171 -0.247887 -0.499969 0.0920896
-0.426298 0.498718 0.106037 -0.496277 0.495758 0.161367 -0.455199 0.49823 -0.188101
-0.496277 0.495758 0.161367 -0.465117 0.496979 -0.311365 -0.455199 0.49823 -0.188101
-0.280175 0.499512 -0.323023 -0.348903 0.499756 0.0107883 -0.455199 0.49823 -0.188101
-0.465117 0.496979 -0.311365 -0.280175 0.499512 -0.323023 -0.455199 0.49823 -0.188101
-0.348903 0.499756 0.0107883 -0.426298 0.498718 0.106037 -0.455199 0.49823 -0.188101
0.252159 0.496948 -0.492737 0.209983 0.499084 -0.359127 0.0786004 0.498535 -0.440733
-0.18218 0.498474 -0.444334 0.252159 0.496948 -0.492737 0.0786004 0.498535 -0.440733
0.209983 0.499084 -0.359127 -0.280175 0.499512 -0.323023 0.0786004 0.498535 -0.440733
-0.280175 0.499512 -0.323023 -0.18218 0.498474 -0.444334 0.0786004 0.498535 -0.440733
-0.49939 0.417905 -0.124409 -0.498688 0.335444 -0.498749 -0.493042 0.478332 -0.35229
-0.498688 0.335444 -0.498749 -0.491791 0.466124 -0.407224 -0.493042 0.478332 -0.35229
-0.496277 0.495758 0.161367 -0.49939 0.417905 -0.124409 -0.493042 0.478332 -0.35229
-0.444395 0.494537 -0.417539 -0.465117 0.496979 -0.311365 -0.493042 0.478332 -0.35229
-0.491791 0.466124 -0.407224 -0.444395 0.494537 -0.417539 -0.493042 0.478332 -0.35229
-0.465117 0.496979 -0.311365 -0.496277 0.495758 0.161367 -0.493042 0.478332 -0.35229
-0.444395 0.494537 -0.417539 -0.279351 0.48114 -0.491302 -0.260796 0.484252 -0.48941
-0.279351 0.48114 -0.491302 -0.138478 0.496735 -0.490844 -0.260796 0.484252 -0.48941
-0.138478 0.496735 -0.490844 -0.444395 0.494537 -0.417539 -0.260796 0.484252 -0.48941
0.499268 0.276971 0.436338 0.499969 0.275353 -0.223441 0.499512 0.229575 0.376583
0.499969 0.275353 -0.223441 0.499695 -0.100482 0.44937 0.499512 0.229575 0.376583
0.499695 -0.100482 0.44937 0.499268 0.276971 0.436338 0.499512 0.229575 0.376583
-0.28927 -0.494903 0.49826 -0.441465 -0.492462 0.444212 -0.383267 -0.492218 0.470275
-0.441465 -0.492462 0.444212 -0.428526 -0.464782 0.490295 -0.383267 -0.492218 0.470275
-0.428526 -0.464782 0.490295 -0.28927 -0.494903 0.49826 -0.383267 -0.492218 0.470275
0.280877 -0.275567 -0.499573 0.128224 0.349971 -0.499939 -0.0662709 -0.0805231 -0.499542
0.128224 0.349971 -0.499939 -0.288873 0.0970336 -0.499542 -0.0662709 -0.0805231 -0.499542
-0.259148 -0.259331 -0.498993 0.280877 -0.275567 -0.499573 -0.0662709 -0.0805231 -0.499542
-0.288873 0.0970336 -0.499542 -0.259148 -0.259331 -0.498993 -0.0662709 -0.0805231 -0.499542
0.476623 -0.49884 -0.438231 -0.494629 -0.49939 -0.453093 0.0679495 -0.499908 0.174764
-0.494629 -0.49939 -0.453093 -0.247887 -0.499969 0.0920896 0.0679495 -0.499908 0.174764
0.380856 -0.499969 0.464171 0.476623 -0.49884 -0.438231 0.0679495 -0.499908 0.174764
-0.247887 -0.499969 0.0920896 0.380856 -0.499969 0.464171 0.0679495 -0.499908 0.174764
