-0.48497 -0.466903 0.739464 -0.446577 0.0556352 0.893014 -0.792108 -0.355205 0.496381
-0.48497 -0.466903 0.739464 -0.792108 -0.355205 0.496381 -0.210242 -0.96765 -0.139467
0.369366 -0.354045 0.859198 0.258522 -0.0379651 0.96488 -0.0667644 -0.449222 0.889118
-0.778008 0.52916 0.338662 -0.50325 0.690878 0.513111 -0.458876 0.836573 -0.28627
0.369366 -0.354045 0.859198 0.487716 -0.473983 0.733125 0.514023 -0.217994 0.829614
-0.210242 -0.96765 -0.139467 -0.792108 -0.355205 0.496381 -0.643727 -0.667104 -0.37495
0.464827 0.488021 0.738763 0.538316 0.228767 0.810985 0.671438 0.23722 0.702067
0.538316 0.228767 0.810985 0.514023 -0.217994 0.829614 0.671438 0.23722 0.702067
-0.643727 -0.667104 -0.37495 -0.792108 -0.355205 0.496381 -0.898312 -0.307962 0.31336
0.470443 -0.798151 -0.37635 0.224097 -0.883724 -0.410867 0.369488 -0.719047 -0.588601
0.733085 -0.528794 -0.427742 0.470443 -0.798151 -0.37635 0.369488 -0.719047 -0.588601
-0.458876 0.836573 -0.28627 -0.50325 0.690878 0.513111 -0.339457 0.688955 0.640398
0.72924 0.1442 -0.668891 0.56737 0.239479 -0.787872 0.46558 0.477177 -0.744918
0.447615 0.612476 -0.651547 0.72924 0.1442 -0.668891 0.46558 0.477177 -0.744918
0.56737 0.239479 -0.787872 0.324686 0.0504877 -0.927058 0.46558 0.477177 -0.744918
0.0515762 0.715019 -0.684351 0.447615 0.612476 -0.651547 0.46558 0.477177 -0.744918
0.46558 0.477177 -0.744918 0.324686 0.0504877 -0.927058 -0.0871303 0.41966 -0.90349
0.0515762 0.715019 -0.684351 0.46558 0.477177 -0.744918 -0.0871303 0.41966 -0.90349
0.380535 0.729728 0.568058 0.464827 0.488021 0.738763 0.626148 0.595325 0.503515
0.464827 0.488021 0.738763 0.671438 0.23722 0.702067 0.626148 0.595325 0.503515
0.538316 0.228767 0.810985 0.258522 -0.0379651 0.96488 0.400067 -0.170141 0.900555
0.514023 -0.217994 0.829614 0.538316 0.228767 0.810985 0.400067 -0.170141 0.900555
0.258522 -0.0379651 0.96488 0.369366 -0.354045 0.859198 0.400067 -0.170141 0.900555
0.369366 -0.354045 0.859198 0.514023 -0.217994 0.829614 0.400067 -0.170141 0.900555
0.538316 0.228767 0.810985 0.464827 0.488021 0.738763 0.383465 0.419172 0.822952
0.258522 -0.0379651 0.96488 0.538316 0.228767 0.810985 0.383465 0.419172 0.822952
0.514023 -0.217994 0.829614 0.487716 -0.473983 0.733125 0.807062 -0.260048 0.530119
0.671438 0.23722 0.702067 0.514023 -0.217994 0.829614 0.807062 -0.260048 0.530119
0.380535 0.729728 0.568058 0.626148 0.595325 0.503515 0.585559 0.769402 0.255228
-0.48497 -0.466903 0.739464 -0.210242 -0.96765 -0.139467 -0.345561 -0.5468 0.762625
-0.084048 -0.653614 0.749718 -0.0667644 -0.449222 0.889118 -0.345561 -0.5468 0.762625
0.604663 -0.746269 0.278325 0.269509 -0.875484 0.401113 0.578478 -0.774102 0.257155
-0.50325 0.690878 0.513111 -0.778008 0.52916 0.338662 -0.619984 0.518296 0.589058
-0.446577 0.0556352 0.893014 -0.339457 0.688955 0.640398 -0.619984 0.518296 0.589058
-0.339457 0.688955 0.640398 -0.50325 0.690878 0.513111 -0.619984 0.518296 0.589058
-0.898312 -0.307962 0.31336 -0.792108 -0.355205 0.496381 -0.8399 0.342692 0.420868
-0.778008 0.52916 0.338662 -0.859768 0.0433365 -0.502678 -0.8399 0.342692 0.420868
-0.792108 -0.355205 0.496381 -0.446577 0.0556352 0.893014 -0.8399 0.342692 0.420868
-0.446577 0.0556352 0.893014 -0.619984 0.518296 0.589058 -0.8399 0.342692 0.420868
-0.619984 0.518296 0.589058 -0.778008 0.52916 0.338662 -0.8399 0.342692 0.420868
-0.446577 0.0556352 0.893014 0.258522 -0.0379651 0.96488 0.15006 0.621876 0.768604
0.258522 -0.0379651 0.96488 0.383465 0.419172 0.822952 0.15006 0.621876 0.768604
-0.339457 0.688955 0.640398 -0.446577 0.0556352 0.893014 0.15006 0.621876 0.768604
0.464827 0.488021 0.738763 0.380535 0.729728 0.568058 0.15006 0.621876 0.768604
0.383465 0.419172 0.822952 0.464827 0.488021 0.738763 0.15006 0.621876 0.768604
0.380535 0.729728 0.568058 -0.339457 0.688955 0.640398 0.15006 0.621876 0.768604
0.487716 -0.473983 0.733125 0.369366 -0.354045 0.859198 0.354717 -0.47795 0.803579
0.378582 -0.521653 0.764561 0.487716 -0.473983 0.733125 0.354717 -0.47795 0.803579
0.369366 -0.354045 0.859198 -0.0667644 -0.449222 0.889118 0.354717 -0.47795 0.803579
-0.0667644 -0.449222 0.889118 -0.084048 -0.653614 0.749718 0.354717 -0.47795 0.803579
-0.458876 0.836573 -0.28627 -0.339457 0.688955 0.640398 -0.309061 0.870113 -0.383907
-0.339457 0.688955 0.640398 0.380535 0.729728 0.568058 -0.309061 0.870113 -0.383907
0.0515762 0.715019 -0.684351 -0.306131 0.830683 -0.465026 -0.309061 0.870113 -0.383907
0.380535 0.729728 0.568058 0.585559 0.769402 0.255228 -0.309061 0.870113 -0.383907
-0.306131 0.830683 -0.465026 -0.458876 0.836573 -0.28627 -0.309061 0.870113 -0.383907
-0.022492 -0.891538 -0.425464 0.224097 -0.883724 -0.410867 -0.172826 -0.927 -0.33287
0.224097 -0.883724 -0.410867 -0.210242 -0.96765 -0.139467 -0.172826 -0.927 -0.33287
-0.396283 -0.497604 -0.771589 -0.022492 -0.891538 -0.425464 -0.172826 -0.927 -0.33287
-0.40727 -0.423261 -0.809309 -0.396283 -0.497604 -0.771589 -0.544725 -0.528276 -0.650651
-0.231178 0.158788 -0.959866 -0.0871303 0.41966 -0.90349 -0.0194098 -0.080996 -0.986444
-0.0871303 0.41966 -0.90349 0.324686 0.0504877 -0.927058 -0.0194098 -0.080996 -0.986444
-0.306131 0.830683 -0.465026 0.0515762 0.715019 -0.684351 -0.243873 0.456526 -0.855634
0.0515762 0.715019 -0.684351 -0.0871303 0.41966 -0.90349 -0.243873 0.456526 -0.855634
0.447615 0.612476 -0.651547 0.0515762 0.715019 -0.684351 0.56737 0.8034 -0.180667
0.72924 0.1442 -0.668891 0.447615 0.612476 -0.651547 0.56737 0.8034 -0.180667
0.0515762 0.715019 -0.684351 -0.309061 0.870113 -0.383907 0.56737 0.8034 -0.180667
-0.309061 0.870113 -0.383907 0.585559 0.769402 0.255228 0.56737 0.8034 -0.180667
-0.446577 0.0556352 0.893014 -0.48497 -0.466903 0.739464 -0.235145 -0.277139 0.931612
0.258522 -0.0379651 0.96488 -0.446577 0.0556352 0.893014 -0.235145 -0.277139 0.931612
-0.0667644 -0.449222 0.889118 0.258522 -0.0379651 0.96488 -0.235145 -0.277139 0.931612
-0.48497 -0.466903 0.739464 -0.345561 -0.5468 0.762625 -0.235145 -0.277139 0.931612
-0.345561 -0.5468 0.762625 -0.0667644 -0.449222 0.889118 -0.235145 -0.277139 0.931612
0.604663 -0.746269 0.278325 0.578478 -0.774102 0.257155 0.809809 -0.5609 0.172051
0.470443 -0.798151 -0.37635 0.733085 -0.528794 -0.427742 0.809809 -0.5609 0.172051
-0.0883512 -0.317362 -0.93952 -0.0194098 -0.080996 -0.986444 0.344371 -0.368298 -0.862272
0.348125 -0.458755 -0.817221 -0.0883512 -0.317362 -0.93952 0.344371 -0.368298 -0.862272
-0.0194098 -0.080996 -0.986444 0.324686 0.0504877 -0.927058 0.344371 -0.368298 -0.862272
-0.396283 -0.497604 -0.771589 -0.40727 -0.423261 -0.809309 -0.271889 -0.337992 -0.90102
-0.0883512 -0.317362 -0.93952 -0.396283 -0.497604 -0.771589 -0.271889 -0.337992 -0.90102
-0.472091 0.189062 -0.861038 -0.231178 0.158788 -0.959866 -0.271889 -0.337992 -0.90102
-0.231178 0.158788 -0.959866 -0.0194098 -0.080996 -0.986444 -0.271889 -0.337992 -0.90102
-0.0194098 -0.080996 -0.986444 -0.0883512 -0.317362 -0.93952 -0.271889 -0.337992 -0.90102
0.324686 0.0504877 -0.927058 0.56737 0.239479 -0.787872 0.496903 -0.345835 -0.795912
0.56737 0.239479 -0.787872 0.72924 0.1442 -0.668891 0.496903 -0.345835 -0.795912
0.344371 -0.368298 -0.862272 0.324686 0.0504877 -0.927058 0.496903 -0.345835 -0.795912
0.72924 0.1442 -0.668891 0.733085 -0.528794 -0.427742 0.496903 -0.345835 -0.795912
0.348125 -0.458755 -0.817221 0.344371 -0.368298 -0.862272 0.496903 -0.345835 -0.795912
0.626148 0.595325 0.503515 0.671438 0.23722 0.702067 0.970763 -0.0331126 0.237744
0.671438 0.23722 0.702067 0.807062 -0.260048 0.530119 0.970763 -0.0331126 0.237744
0.585559 0.769402 0.255228 0.626148 0.595325 0.503515 0.970763 -0.0331126 0.237744
0.72924 0.1442 -0.668891 0.56737 0.8034 -0.180667 0.970763 -0.0331126 0.237744
0.56737 0.8034 -0.180667 0.585559 0.769402 0.255228 0.970763 -0.0331126 0.237744
0.733085 -0.528794 -0.427742 0.72924 0.1442 -0.668891 0.970763 -0.0331126 0.237744
0.809809 -0.5609 0.172051 0.733085 -0.528794 -0.427742 0.970763 -0.0331126 0.237744
-0.022492 -0.891538 -0.425464 -0.396283 -0.497604 -0.771589 0.360332 -0.65453 -0.664643
0.224097 -0.883724 -0.410867 -0.022492 -0.891538 -0.425464 0.360332 -0.65453 -0.664643
0.369488 -0.719047 -0.588601 0.224097 -0.883724 -0.410867 0.360332 -0.65453 -0.664643
-0.396283 -0.497604 -0.771589 -0.0883512 -0.317362 -0.93952 0.360332 -0.65453 -0.664643
-0.0883512 -0.317362 -0.93952 0.348125 -0.458755 -0.817221 0.360332 -0.65453 -0.664643
0.733085 -0.528794 -0.427742 0.369488 -0.719047 -0.588601 0.360332 -0.65453 -0.664643
0.496903 -0.345835 -0.795912 0.733085 -0.528794 -0.427742 0.360332 -0.65453 -0.664643
0.348125 -0.458755 -0.817221 0.496903 -0.345835 -0.795912 0.360332 -0.65453 -0.664643
0.807062 -0.260048 0.530119 0.487716 -0.473983 0.733125 0.769829 -0.477828 0.423135
0.604663 -0.746269 0.278325 0.809809 -0.5609 0.172051 0.769829 -0.477828 0.423135
0.809809 -0.5609 0.172051 0.970763 -0.0331126 0.237744 0.769829 -0.477828 0.423135
0.970763 -0.0331126 0.237744 0.807062 -0.260048 0.530119 0.769829 -0.477828 0.423135
0.487716 -0.473983 0.733125 0.378582 -0.521653 0.764561 0.352062 -0.659474 0.661958
0.269509 -0.875484 0.401113 0.604663 -0.746269 0.278325 0.352062 -0.659474 0.661958
0.378582 -0.521653 0.764561 0.354717 -0.47795 0.803579 0.352062 -0.659474 0.661958
0.354717 -0.47795 0.803579 -0.084048 -0.653614 0.749718 0.352062 -0.659474 0.661958
0.604663 -0.746269 0.278325 0.769829 -0.477828 0.423135 0.352062 -0.659474 0.661958
0.769829 -0.477828 0.423135 0.487716 -0.473983 0.733125 0.352062 -0.659474 0.661958
-0.643727 -0.667104 -0.37495 -0.898312 -0.307962 0.31336 -0.909604 -0.270669 -0.315212
-0.898312 -0.307962 0.31336 -0.8399 0.342692 0.420868 -0.909604 -0.270669 -0.315212
-0.8399 0.342692 0.420868 -0.859768 0.0433365 -0.502678 -0.909604 -0.270669 -0.315212
-0.544725 -0.528276 -0.650651 -0.643727 -0.667104 -0.37495 -0.909604 -0.270669 -0.315212
-0.859768 0.0433365 -0.502678 -0.778008 0.52916 0.338662 -0.573901 0.633045 -0.519511
-0.778008 0.52916 0.338662 -0.458876 0.836573 -0.28627 -0.573901 0.633045 -0.519511
-0.472091 0.189062 -0.861038 -0.859768 0.0433365 -0.502678 -0.573901 0.633045 -0.519511
-0.458876 0.836573 -0.28627 -0.306131 0.830683 -0.465026 -0.573901 0.633045 -0.519511
-0.306131 0.830683 -0.465026 -0.243873 0.456526 -0.855634 -0.573901 0.633045 -0.519511
-0.859768 0.0433365 -0.502678 -0.472091 0.189062 -0.861038 -0.662099 -0.227577 -0.713075
-0.40727 -0.423261 -0.809309 -0.544725 -0.528276 -0.650651 -0.662099 -0.227577 -0.713075
-0.472091 0.189062 -0.861038 -0.271889 -0.337992 -0.90102 -0.662099 -0.227577 -0.713075
-0.271889 -0.337992 -0.90102 -0.40727 -0.423261 -0.809309 -0.662099 -0.227577 -0.713075
-0.544725 -0.528276 -0.650651 -0.909604 -0.270669 -0.315212 -0.662099 -0.227577 -0.713075
-0.909604 -0.270669 -0.315212 -0.859768 0.0433365 -0.502678 -0.662099 -0.227577 -0.713075
-0.231178 0.158788 -0.959866 -0.472091 0.189062 -0.861038 -0.322916 0.344646 -0.881445
-0.0871303 0.41966 -0.90349 -0.231178 0.158788 -0.959866 -0.322916 0.344646 -0.881445
-0.243873 0.456526 -0.855634 -0.0871303 0.41966 -0.90349 -0.322916 0.344646 -0.881445
-0.472091 0.189062 -0.861038 -0.573901 0.633045 -0.519511 -0.322916 0.344646 -0.881445
-0.573901 0.633045 -0.519511 -0.243873 0.456526 -0.855634 -0.322916 0.344646 -0.881445
-0.210242 -0.96765 -0.139467 -0.643727 -0.667104 -0.37495 -0.278542 -0.906247 -0.31801
-0.172826 -0.927 -0.33287 -0.210242 -0.96765 -0.139467 -0.278542 -0.906247 -0.31801
-0.396283 -0.497604 -0.771589 -0.172826 -0.927 -0.33287 -0.278542 -0.906247 -0.31801
-0.544725 -0.528276 -0.650651 -0.396283 -0.497604 -0.771589 -0.278542 -0.906247 -0.31801
-0.643727 -0.667104 -0.37495 -0.544725 -0.528276 -0.650651 -0.278542 -0.906247 -0.31801
-0.210242 -0.96765 -0.139467 0.269509 -0.875484 0.401113 0.0889615 -0.871029 0.483109
-0.084048 -0.653614 0.749718 -0.345561 -0.5468 0.762625 0.0889615 -0.871029 0.483109
-0.345561 -0.5468 0.762625 -0.210242 -0.96765 -0.139467 0.0889615 -0.871029 0.483109
0.269509 -0.875484 0.401113 0.352062 -0.659474 0.661958 0.0889615 -0.871029 0.483109
0.352062 -0.659474 0.661958 -0.084048 -0.653614 0.749718 0.0889615 -0.871029 0.483109
0.269509 -0.875484 0.401113 -0.210242 -0.96765 -0.139467 0.427351 -0.852657 -0.30058
-0.210242 -0.96765 -0.139467 0.224097 -0.883724 -0.410867 0.427351 -0.852657 -0.30058
0.578478 -0.774102 0.257155 0.269509 -0.875484 0.401113 0.427351 -0.852657 -0.30058
0.224097 -0.883724 -0.410867 0.470443 -0.798151 -0.37635 0.427351 -0.852657 -0.30058
0.470443 -0.798151 -0.37635 0.809809 -0.5609 0.172051 0.427351 -0.852657 -0.30058
0.809809 -0.5609 0.172051 0.578478 -0.774102 0.257155 0.427351 -0.852657 -0.30058
