-0.131565 -0.978637 -0.0617206 0.130833 0.568773 -0.649057 -0.909055 -0.247414 0.308339
0.130833 0.568773 -0.649057 -0.131565 -0.978637 -0.0617206 0.884579 -0.319193 -0.155949
-0.131565 -0.978637 -0.0617206 0.904233 -0.314127 0.171655 0.884579 -0.319193 -0.155949
0.904233 -0.314127 0.171655 -0.131565 -0.978637 -0.0617206 0.464339 -0.577319 0.431611
-0.131565 -0.978637 -0.0617206 -0.909055 -0.247414 0.308339 0.464339 -0.577319 0.431611
-0.909055 -0.247414 0.308339 0.130833 0.568773 -0.649057 -0.785821 0.378033 0.218226
0.904233 -0.314127 0.171655 0.464339 -0.577319 0.431611 -0.785821 0.378033 0.218226
0.464339 -0.577319 0.431611 -0.909055 -0.247414 0.308339 -0.785821 0.378033 0.218226
0.130833 0.568773 -0.649057 0.884579 -0.319193 -0.155949 0.683584 0.14481 -0.210655
0.884579 -0.319193 -0.155949 0.904233 -0.314127 0.171655 0.683584 0.14481 -0.210655
0.904233 -0.314127 0.171655 -0.785821 0.378033 0.218226 0.683584 0.14481 -0.210655
-0.785821 0.378033 0.218226 0.130833 0.568773 -0.649057 0.683584 0.14481 -0.210655
