-0.411359 0.822932 0.286944 0.0657674 0.957884 0.0323735 0.379376 0.591174 0.654405
-0.411359 0.822932 0.286944 0.379376 0.591174 0.654405 0.199316 0.541124 0.747717
0.379376 0.591174 0.654405 0.120884 -0.273476 0.92944 0.199316 0.541124 0.747717
0.120884 -0.273476 0.92944 -0.64629 -0.0102847 0.522428 0.199316 0.541124 0.747717
-0.64629 -0.0102847 0.522428 -0.411359 0.822932 0.286944 0.199316 0.541124 0.747717
0.609302 -0.384869 0.643383 0.120884 -0.273476 0.92944 0.692923 0.0993377 0.538255
0.120884 -0.273476 0.92944 0.379376 0.591174 0.654405 0.692923 0.0993377 0.538255
0.761528 -0.196814 0.468756 0.609302 -0.384869 0.643383 0.692923 0.0993377 0.538255
0.994873 0.0481887 -0.0472074 0.761528 -0.196814 0.468756 0.692923 0.0993377 0.538255
0.813227 0.431684 0.175429 0.994873 0.0481887 -0.0472074 0.692923 0.0993377 0.538255
-0.120701 -0.963195 -0.231752 0.394452 -0.913938 0.027314 0.67687 -0.534288 -0.494661
0.428999 0.422285 -0.746077 0.200598 -0.421857 -0.809015 0.67687 -0.534288 -0.494661
0.394452 -0.913938 0.027314 -0.120701 -0.963195 -0.231752 0.175329 -0.734916 0.642826
0.120884 -0.273476 0.92944 0.609302 -0.384869 0.643383 0.175329 -0.734916 0.642826
0.609302 -0.384869 0.643383 0.394452 -0.913938 0.027314 0.175329 -0.734916 0.642826
-0.877377 0.383465 -0.241685 -0.95941 -0.237831 -0.0380882 -0.834529 -0.122044 -0.497105
0.0657674 0.957884 0.0323735 -0.411359 0.822932 0.286944 -0.0181585 0.804865 -0.494049
-0.411359 0.822932 0.286944 -0.877377 0.383465 -0.241685 -0.0181585 0.804865 -0.494049
-0.388897 -0.176 -0.704888 0.428999 0.422285 -0.746077 -0.0181585 0.804865 -0.494049
-0.877377 0.383465 -0.241685 -0.834529 -0.122044 -0.497105 -0.0181585 0.804865 -0.494049
-0.834529 -0.122044 -0.497105 -0.388897 -0.176 -0.704888 -0.0181585 0.804865 -0.494049
0.994873 0.0481887 -0.0472074 0.813227 0.431684 0.175429 0.87701 0.479293 -0.0311662
0.379376 0.591174 0.654405 0.0657674 0.957884 0.0323735 0.132481 0.967284 -0.0267351
0.56621 0.812311 -0.051219 0.379376 0.591174 0.654405 0.132481 0.967284 -0.0267351
0.428999 0.422285 -0.746077 0.87701 0.479293 -0.0311662 0.548753 0.719901 -0.272692
0.87701 0.479293 -0.0311662 0.56621 0.812311 -0.051219 0.548753 0.719901 -0.272692
-0.834529 -0.122044 -0.497105 -0.95941 -0.237831 -0.0380882 -0.689688 -0.710501 -0.113376
0.175329 -0.734916 0.642826 -0.120701 -0.963195 -0.231752 -0.620655 -0.697012 0.246864
-0.95941 -0.237831 -0.0380882 -0.877377 0.383465 -0.241685 -0.947325 0.0823084 0.22199
-0.877377 0.383465 -0.241685 -0.411359 0.822932 0.286944 -0.947325 0.0823084 0.22199
-0.411359 0.822932 0.286944 -0.64629 -0.0102847 0.522428 -0.947325 0.0823084 0.22199
0.67687 -0.534288 -0.494661 0.994873 0.0481887 -0.0472074 0.884152 -0.104099 -0.283931
0.761528 -0.196814 0.468756 0.994873 0.0481887 -0.0472074 0.862239 -0.229041 0.245724
0.609302 -0.384869 0.643383 0.761528 -0.196814 0.468756 0.862239 -0.229041 0.245724
0.379376 0.591174 0.654405 0.56621 0.812311 -0.051219 0.678884 0.534104 0.322333
0.813227 0.431684 0.175429 0.692923 0.0993377 0.538255 0.678884 0.534104 0.322333
0.692923 0.0993377 0.538255 0.379376 0.591174 0.654405 0.678884 0.534104 0.322333
0.56621 0.812311 -0.051219 0.87701 0.479293 -0.0311662 0.678884 0.534104 0.322333
0.87701 0.479293 -0.0311662 0.813227 0.431684 0.175429 0.678884 0.534104 0.322333
-0.120701 -0.963195 -0.231752 0.67687 -0.534288 -0.494661 -0.0566729 -0.681021 -0.639787
0.67687 -0.534288 -0.494661 0.200598 -0.421857 -0.809015 -0.0566729 -0.681021 -0.639787
0.200598 -0.421857 -0.809015 -0.388897 -0.176 -0.704888 -0.0566729 -0.681021 -0.639787
-0.689688 -0.710501 -0.113376 -0.120701 -0.963195 -0.231752 -0.0566729 -0.681021 -0.639787
-0.388897 -0.176 -0.704888 -0.834529 -0.122044 -0.497105 -0.0566729 -0.681021 -0.639787
-0.834529 -0.122044 -0.497105 -0.689688 -0.710501 -0.113376 -0.0566729 -0.681021 -0.639787
0.994873 0.0481887 -0.0472074 0.87701 0.479293 -0.0311662 0.75634 0.00534074 -0.465658
0.87701 0.479293 -0.0311662 0.428999 0.422285 -0.746077 0.75634 0.00534074 -0.465658
0.884152 -0.104099 -0.283931 0.994873 0.0481887 -0.0472074 0.75634 0.00534074 -0.465658
0.67687 -0.534288 -0.494661 0.884152 -0.104099 -0.283931 0.75634 0.00534074 -0.465658
0.394452 -0.913938 0.027314 0.609302 -0.384869 0.643383 0.792718 -0.475326 -0.0313904
0.609302 -0.384869 0.643383 0.862239 -0.229041 0.245724 0.792718 -0.475326 -0.0313904
0.994873 0.0481887 -0.0472074 0.67687 -0.534288 -0.494661 0.792718 -0.475326 -0.0313904
0.862239 -0.229041 0.245724 0.994873 0.0481887 -0.0472074 0.792718 -0.475326 -0.0313904
0.67687 -0.534288 -0.494661 0.394452 -0.913938 0.027314 0.560228 -0.754692 -0.0674093
0.394452 -0.913938 0.027314 0.792718 -0.475326 -0.0313904 0.560228 -0.754692 -0.0674093
0.792718 -0.475326 -0.0313904 0.67687 -0.534288 -0.494661 0.560228 -0.754692 -0.0674093
0.200598 -0.421857 -0.809015 0.428999 0.422285 -0.746077 0.17362 -0.0809656 -0.819252
0.428999 0.422285 -0.746077 -0.388897 -0.176 -0.704888 0.17362 -0.0809656 -0.819252
-0.388897 -0.176 -0.704888 0.200598 -0.421857 -0.809015 0.17362 -0.0809656 -0.819252
0.0657674 0.957884 0.0323735 -0.0181585 0.804865 -0.494049 0.172399 0.925901 -0.268388
0.132481 0.967284 -0.0267351 0.0657674 0.957884 0.0323735 0.172399 0.925901 -0.268388
-0.0181585 0.804865 -0.494049 0.428999 0.422285 -0.746077 0.172399 0.925901 -0.268388
0.428999 0.422285 -0.746077 0.548753 0.719901 -0.272692 0.172399 0.925901 -0.268388
0.56621 0.812311 -0.051219 0.132481 0.967284 -0.0267351 0.172399 0.925901 -0.268388
0.548753 0.719901 -0.272692 0.56621 0.812311 -0.051219 0.172399 0.925901 -0.268388
-0.120701 -0.963195 -0.231752 -0.689688 -0.710501 -0.113376 -0.593127 -0.777276 -0.0706245
-0.689688 -0.710501 -0.113376 -0.620655 -0.697012 0.246864 -0.593127 -0.777276 -0.0706245
-0.620655 -0.697012 0.246864 -0.120701 -0.963195 -0.231752 -0.593127 -0.777276 -0.0706245
-0.620655 -0.697012 0.246864 -0.689688 -0.710501 -0.113376 -0.813715 -0.477584 0.323931
-0.947325 0.0823084 0.22199 -0.64629 -0.0102847 0.522428 -0.813715 -0.477584 0.323931
-0.95941 -0.237831 -0.0380882 -0.947325 0.0823084 0.22199 -0.813715 -0.477584 0.323931
-0.689688 -0.710501 -0.113376 -0.95941 -0.237831 -0.0380882 -0.889157 -0.414533 0.0692448
-0.95941 -0.237831 -0.0380882 -0.813715 -0.477584 0.323931 -0.889157 -0.414533 0.0692448
-0.813715 -0.477584 0.323931 -0.689688 -0.710501 -0.113376 -0.889157 -0.414533 0.0692448
0.428999 0.422285 -0.746077 0.67687 -0.534288 -0.494661 0.665456 0.108921 -0.548556
0.67687 -0.534288 -0.494661 0.75634 0.00534074 -0.465658 0.665456 0.108921 -0.548556
0.75634 0.00534074 -0.465658 0.428999 0.422285 -0.746077 0.665456 0.108921 -0.548556
-0.64629 -0.0102847 0.522428 0.120884 -0.273476 0.92944 0.00912503 -0.418073 0.85492
-0.813715 -0.477584 0.323931 -0.64629 -0.0102847 0.522428 0.00912503 -0.418073 0.85492
0.120884 -0.273476 0.92944 0.175329 -0.734916 0.642826 0.00912503 -0.418073 0.85492
0.175329 -0.734916 0.642826 -0.620655 -0.697012 0.246864 -0.437422 -0.652638 0.432187
0.00912503 -0.418073 0.85492 0.175329 -0.734916 0.642826 -0.437422 -0.652638 0.432187
-0.620655 -0.697012 0.246864 -0.813715 -0.477584 0.323931 -0.437422 -0.652638 0.432187
-0.813715 -0.477584 0.323931 0.00912503 -0.418073 0.85492 -0.437422 -0.652638 0.432187
